CST XY Data Exchange Format V2

Title    = Probe Value
Xlabel   = Time / ns
Ylabel   = Magnetic Field / A/m

Curvelabel          = H-Field (Y; 25 -10 25) [pw]
Filename            = ^H-Field (Y; 25 -10 25)(pw).sig
Npoints             = 1650
Type                = 8
Subtype             = 7
Result type         = real:cartesian
View type           = Cartesian
Plot type           = Real
Data/Title          = Probe Value
X/Label             = Time
X/Unit              = ns
Y/Label             = Magnetic Field
Y/Unit              = A/m
Y/Logfactor         = 20
Plot/wrapHeuristics = 0

0	0
0,0022114148318907	0
0,0044228296637815	0
0,0066342444956722	0
0,0088456593275629	0
0,011057074159454	0
0,013268488991344	0
0,015479903823235	0
0,017691318655126	0
0,019902733487017	0
0,022114148318907	0
0,024325563150798	0
0,026536977982689	0
0,028748392814579	0
0,03095980764647	0
0,033171222478361	0
0,035382637310252	0
0,037594052142142	0
0,039805466974033	0
0,042016881805924	0
0,044228296637815	0
0,046439711469705	0
0,048651126301596	0
0,050862541133487	0
0,053073955965378	0
0,055285370797268	0
0,057496785629159	0
0,05970820046105	0
0,06191961529294	0
0,064131030124831	0
0,066342444956722	0
0,068553859788613	0
0,070765274620503	0
0,072976689452394	0
0,075188104284285	0
0,077399519116176	1,020068880381e-42
0,079610933948066	5,0329441092406e-41
0,081822348779957	1,251703225828e-39
0,084033763611848	2,092142710414e-38
0,086245178443738	2,6437967910433e-37
0,088456593275629	2,6941626093714e-36
0,09066800810752	2,3061597647144e-35
0,092879422939411	1,7054574769325e-34
0,095090837771301	1,1122808786513e-33
0,097302252603192	6,4987595830452e-33
0,099513667435083	3,4440130550014e-32
0,10172508226697	1,6721034820979e-31
0,10393649709886	7,4991271310655e-31
0,10614791193076	3,1283456725436e-30
0,10835932676265	1,2210527432253e-29
0,11057074159454	4,4820092048859e-29
0,11278215642643	1,5539823409153e-28
0,11499357125832	5,109009042493e-28
0,11720498609021	1,5982046155637e-27
0,1194164009221	4,7715421674178e-27
0,12162781575399	1,3633388133161e-26
0,12383923058588	3,7371294686482e-26
0,12605064541777	9,8499008711208e-26
0,12826206024966	2,5013092305483e-25
0,13047347508155	6,131279922424e-25
0,13268488991344	1,453191420594e-24
0,13489630474533	3,3355189951306e-24
0,13710771957723	7,425085668711e-24
0,13931913440912	1,6051635770209e-23
0,14153054924101	3,3741000668717e-23
0,1437419640729	6,9043283483826e-23
0,14595337890479	1,3768290013713e-22
0,14816479373668	2,6783906301853e-22
0,15037620856857	5,0876377401145e-22
0,15258762340046	9,4448488943597e-22
0,15479903823235	1,7150475971917e-21
0,15701045306424	3,0486314567312e-21
0,15922186789613	5,3089365246136e-21
0,16143328272802	9,0634412589174e-21
0,16364469755991	1,5179421090114e-20
0,1658561123918	2,4955868055681e-20
0,1680675272237	4,0300545168205e-20
0,17027894205559	6,3962127495859e-20
0,17249035688748	9,982750765646e-20
0,17470177171937	1,5329351673167e-19
0,17691318655126	2,3172056109082e-19
0,17912460138315	3,4497230879334e-19
0,18133601621504	5,060410642842e-19
0,18354743104693	7,3175176806053e-19
0,18575884587882	1,0435310047373e-18
0,18797026071071	4,479700570313e-20
0,1901816755426	-1,756911788115e-18
0,19239309037449	-2,8981004847949e-18
0,19460450520638	-9,6781908814552e-21
0,19681592003827	1,2707068049177e-18
0,19902733487017	6,7013352187792e-18
0,20123874970206	8,7638607426114e-18
0,20345016453395	1,1335585112911e-17
0,20566157936584	2,209714485347e-17
0,20787299419773	3,3552375302424e-17
0,21008440902962	3,820968811002e-17
0,21229582386151	2,8579773750935e-17
0,2145072386934	1,9947449718368e-17
0,21671865352529	1,2410431543089e-17
0,21893006835718	2,1241757782695e-17
0,22114148318907	3,1336105375825e-17
0,22335289802096	7,3120935495594e-17
0,22556431285285	1,7700238640838e-16
0,22777572768474	3,4299438964516e-16
0,22998714251664	5,4071423315979e-16
0,23219855734853	6,1827983228803e-16
0,23440997218042	6,970679621754e-16
0,23662138701231	7,1621780267793e-16
0,2388328018442	6,7555987100213e-16
0,24104421667609	8,1781375350653e-16
0,24325563150798	8,3906674321287e-16
0,24546704633987	6,1756758490607e-16
0,24767846117176	1,5299901842527e-16
0,24988987600365	-1,9058520900269e-16
0,25210129083554	7,2317883017727e-17
0,25431270566743	5,7694965454732e-16
0,25652412049932	1,4444173349335e-15
0,25873553533121	2,1885198879228e-15
0,26094695016311	2,8089465978008e-15
0,263158364995	2,8195681051684e-15
0,26536977982689	1,977238467586e-15
0,26758119465878	1,3749905540357e-15
0,26979260949067	1,0127413102073e-15
0,27200402432256	5,2608673185815e-16
0,27421543915445	-1,4210230256705e-15
0,27642685398634	-3,6137998817766e-15
0,27863826881823	-6,0520423695908e-15
0,28084968365012	-7,3993805276253e-15
0,28306109848201	-6,4408707787647e-15
0,2852725133139	-4,9981756568208e-15
0,28748392814579	-2,3421872827587e-15
0,28969534297769	3,1274643271373e-16
0,29190675780958	1,5093172501946e-15
0,29411817264147	-2,098263374678e-16
0,29632958747336	-3,6298556731536e-15
0,29854100230525	-6,1998823144411e-15
0,30075241713714	-7,31251450198e-15
0,30296383196903	-6,7855379582884e-15
0,30517524680092	-2,3718726996947e-15
0,30738666163281	4,7745094821781e-15
0,3095980764647	1,2102771247403e-14
0,31180949129659	1,675840831405e-14
0,31402090612848	1,7374869619023e-14
0,31623232096037	1,3769902854901e-14
0,31844373579226	7,3099546254145e-15
0,32065515062416	6,3687585055503e-16
0,32286656545605	-3,436652004929e-15
0,32507798028794	-3,3277634819293e-15
0,32728939511983	1,1116154843642e-15
0,32950080995172	8,5568049810513e-15
0,33171222478361	1,6335628685313e-14
0,3339236396155	2,1745545915716e-14
0,33613505444739	2,3055733093293e-14
0,33834646927928	2,0175133904845e-14
0,34055788411117	1,5350871533967e-14
0,34276929894306	1,0101238046717e-14
0,34498071377495	6,3088563543388e-15
0,34719212860684	5,431128701795e-15
0,34940354343874	7,7106811257629e-15
0,35161495827063	1,0717751993774e-14
0,35382637310252	1,1900935526661e-14
0,35603778793441	9,1944999661297e-15
0,3582492027663	3,4477057375023e-15
0,36046061759819	-4,8547055346794e-15
0,36267203243008	-1,1948478034082e-14
0,36488344726197	-1,4433683016682e-14
0,36709486209386	-1,0367769972433e-14
0,36930627692575	-1,9376543370103e-15
0,37151769175764	8,1843685447582e-15
0,37372910658953	1,6597794423314e-14
0,37594052142142	2,0874468526981e-14
0,37815193625332	1,980149212185e-14
0,38036335108521	1,4352840470833e-14
0,3825747659171	6,9603920955897e-15
0,38478618074899	-2,3731970046885e-15
0,38699759558088	-1,0730310305669e-14
0,38920901041277	-1,8108980247422e-14
0,39142042524466	-2,4993838619173e-14
0,39363184007655	-2,7983557847068e-14
0,39584325490844	-2,7078844616318e-14
0,39805466974033	-2,4224835476949e-14
0,40026608457222	-1,8452355982529e-14
0,40247749940411	-8,7928445596344e-15
0,404688914236	5,7219610713626e-15
0,40690032906789	2,4116935902067e-14
0,40911174389979	3,6671875156188e-14
0,41132315873168	4,4356222873206e-14
0,41353457356357	4,5225224642343e-14
0,41574598839546	3,539178891029e-14
0,41795740322735	2,0687164903114e-14
0,42016881805924	8,887090689671e-15
0,42238023289113	-2,9207691495294e-15
0,42459164772302	-1,5704732869426e-14
0,42680306255491	-1,9743948881503e-14
0,4290144773868	-2,669553563699e-14
0,43122589221869	-3,6556422171617e-14
0,43343730705058	-5,0296013473666e-14
0,43564872188247	-5,4308873268113e-14
0,43786013671437	-3,3047207760635e-14
0,44007155154626	-9,8331329905663e-15
0,44228296637815	1,5331566062431e-14
0,44449438121004	3,2727138272729e-14
0,44670579604193	4,2350574294394e-14
0,44891721087382	4,225529191219e-14
0,45112862570571	2,4664598863068e-14
0,4533400405376	-4,5935763021177e-15
0,45555145536949	-2,2199542877292e-14
0,45776287020138	-3,9814591075028e-14
0,45997428503327	-5,7438327537859e-14
0,46218569986516	-7,7012786853769e-14
0,46439711469705	-1,0047912402989e-13
0,46660852952894	-1,2783437711444e-13
0,46881994436084	-1,6101861997955e-13
0,47103135919273	-1,7865053641823e-13
0,47324277402462	-1,5934902921125e-13
0,47545418885651	-1,2254578031862e-13
0,4776656036884	-8,9616655131525e-14
0,47987701852029	-4,5013027887308e-14
0,48208843335218	7,3783817925598e-15
0,48429984818407	5,2009339335678e-14
0,48651126301596	9,0821884011874e-14
0,48872267784785	1,1992727965907e-13
0,49093409267974	1,4515382824063e-13
0,49314550751163	1,0236604232297e-13
0,49535692234352	7,9017190304076e-14
0,49756833717542	-2,6315031314445e-15
0,49977975200731	-1,1925932459111e-13
0,5019911668392	-2,067327602877e-13
0,50420258167109	-2,0091780666363e-13
0,50641399650298	-1,6983407199083e-13
0,50862541133487	-1,0376314874306e-13
0,51083682616676	1,1833825043592e-15
0,51304824099865	8,2817234923409e-14
0,51525965583054	1,3725365415464e-13
0,51747107066243	9,258770290776e-14
0,51968248549432	1,6842418184509e-14
0,52189390032621	-6,0827886309386e-14
0,5241053151581	-1,07382068178e-13
0,52631672998999	-1,2281772314478e-13
0,52852814482189	-1,0713288105741e-13
0,53073955965378	-1,0113849062383e-13
0,53295097448567	-1,3787254690046e-13
0,53516238931756	-1,8235351957846e-13
0,53737380414945	-2,7150813722271e-13
0,53958521898134	-4,2865986281374e-13
0,54179663381323	-6,4603764107624e-13
0,54400804864512	-8,4007636699143e-13
0,54621946347701	-9,6996633570602e-13
0,5484308783089	-9,7157574760246e-13
0,55064229314079	-8,8960431930127e-13
0,55285370797268	-7,1530567660773e-13
0,55506512280457	-5,3127368958894e-13
0,55727653763646	-3,4333498735457e-13
0,55948795246835	-2,1075993016778e-13
0,56169936730025	-1,1799601015013e-13
0,56391078213214	-1,1411033585665e-13
0,56612219696403	-1,1856750563256e-13
0,56833361179592	-9,5168053233965e-14
0,57054502662781	-5,1684328298917e-14
0,5727564414597	2,767397510516e-14
0,57496785629159	9,5412365566623e-14
0,57717927112348	1,4472594383481e-13
0,57939068595537	1,8241317482184e-13
0,58160210078726	2,1818757030773e-13
0,58381351561915	2,345550665949e-13
0,58602493045104	1,9847540152008e-13
0,58823634528293	6,524955579586e-14
0,59044776011482	-1,7095044908701e-13
0,59265917494672	-4,7319474983697e-13
0,59487058977861	-7,870608701395e-13
0,5970820046105	-1,046464978911e-12
0,59929341944239	-1,2008712071207e-12
0,60150483427428	-1,2308403977163e-12
0,60371624910617	-1,0741803691727e-12
0,60592766393806	-7,8530869287467e-13
0,60813907876995	-3,9532495340727e-13
0,61035049360184	-2,8616655982274e-14
0,61256190843373	2,0597456139648e-13
0,61477332326562	2,6179694016701e-13
0,61698473809751	1,3884256348293e-13
0,6191961529294	-8,5156254646639e-14
0,62140756776129	-3,169161459734e-13
0,62361898259318	-4,553760284808e-13
0,62583039742508	-4,3833988464977e-13
0,62804181225697	-2,6579882150787e-13
0,63025322708886	-1,5479844774897e-14
0,63246464192075	2,1934270558679e-13
0,63467605675264	3,7648809406775e-13
0,63688747158453	4,4041521555865e-13
0,63909888641642	3,9557886904297e-13
0,64131030124831	2,5752424134943e-13
0,6435217160802	1,1952957511823e-13
0,64573313091209	5,9321732761784e-14
0,64794454574398	1,4697235565424e-14
0,65015596057587	-6,1000747224927e-14
0,65236737540776	-1,6778549592121e-13
0,65457879023965	-3,3676270192474e-13
0,65679020507155	-3,8136865304355e-13
0,65900161990344	-3,4824778264576e-13
0,66121303473533	-1,9075439920169e-13
0,66342444956722	1,5330913348768e-13
0,66563586439911	6,5285845220478e-13
0,667847279231	1,0902402622025e-12
0,67005869406289	1,216705507576e-12
0,67227010889478	1,0011676839145e-12
0,67448152372667	4,4363057888445e-13
0,67669293855856	-5,1672168791889e-14
0,67890435339045	-3,2927385912139e-13
0,68111576822234	-1,0933327720814e-13
0,68332718305423	4,5265574987756e-13
0,68553859788612	1,1701024310151e-12
0,68775001271801	1,7320364728511e-12
0,68996142754991	1,5476351675609e-12
0,6921728423818	7,7236231828488e-13
0,69438425721369	-5,3159725576286e-13
0,69659567204558	-1,8045316043158e-12
0,69880708687747	-2,4556284317017e-12
0,70101850170936	-2,5159731216541e-12
0,70322991654125	-1,9544593719019e-12
0,70544133137314	-1,3307877349835e-12
0,70765274620503	-6,7604544354634e-13
0,70986416103692	1,0305610931837e-13
0,71207557586881	1,2241802925441e-12
0,7142869907007	2,1587032065341e-12
0,71649840553259	2,906611630904e-12
0,71870982036448	3,343507786144e-12
0,72092123519638	3,7181321201336e-12
0,72313265002827	4,0926541089322e-12
0,72534406486016	4,4048642719613e-12
0,72755547969205	4,4681759391274e-12
0,72976689452394	4,4069568470581e-12
0,73197830935583	3,7858676372012e-12
0,73418972418772	2,6670939312288e-12
0,73640113901961	2,418817067446e-12
0,7386125538515	2,04599569793e-12
0,74082396868339	2,0461524677408e-12
0,74303538351528	2,7924301438347e-12
0,74524679834717	4,0360698790827e-12
0,74745821317906	4,4088897872551e-12
0,74966962801095	3,848699096508e-12
0,75188104284284	2,2933048481699e-12
0,75409245767474	5,3651574675339e-14
0,75630387250663	-2,1861796701823e-12
0,75851528733852	-3,6799224506481e-12
0,76072670217041	-4,6141670004948e-12
0,7629381170023	-4,5536060123679e-12
0,76514953183419	-3,68483498435e-12
0,76736094666608	-2,1944480983405e-12
0,76957236149797	-3,6232046902897e-13
0,77178377632986	1,5938693953135e-12
0,77399519116175	4,1716376788971e-12
0,77620660599364	6,9978466646703e-12
0,77841802082553	1,0165790581405e-11
0,78062943565742	1,2276203435035e-11
0,78284085048931	1,2334054400646e-11
0,78505226532121	1,040154024575e-11
0,7872636801531	6,5097556266576e-12
0,78947509498499	2,1512555175147e-12
0,79168650981688	-1,6167431116783e-12
0,79389792464877	-3,1773174210279e-12
0,79610933948066	-1,5043533157094e-12
0,79832075431255	2,049491135135e-12
0,80053216914444	6,2092977236344e-12
0,80274358397633	1,0757384447322e-11
0,80495499880822	1,3594822314632e-11
0,80716641364011	1,3967548608313e-11
0,809377828472	1,1348887125125e-11
0,81158924330389	7,3207990718117e-12
0,81380065813578	3,2670171006481e-12
0,81601207296767	2,797596399718e-13
0,81822348779957	2,1501869418825e-13
0,82043490263146	1,463630132413e-12
0,82264631746335	3,4581125216539e-12
0,82485773229524	5,903063634011e-12
0,82706914712713	8,1921270775117e-12
0,82928056195902	8,9571135489354e-12
0,83149197679091	8,477868671508e-12
0,8337033916228	6,412335123893e-12
0,83591480645469	4,0353994706103e-12
0,83812622128658	2,4042860767343e-12
0,84033763611847	2,0787033601922e-12
0,84254905095036	4,0536968493321e-12
0,84476046578225	6,8367127725295e-12
0,84697188061414	9,805863040274e-12
0,84918329544604	1,196611966754e-11
0,85139471027793	1,2695592979808e-11
0,85360612510982	1,2305240466997e-11
0,85581753994171	1,1541344578763e-11
0,8580289547736	1,0528281383784e-11
0,86024036960549	1,1007367976958e-11
0,86245178443738	1,1983557143496e-11
0,86466319926927	1,3083707771544e-11
0,86687461410116	1,3685925847019e-11
0,86908602893305	1,3914607271664e-11
0,87129744376494	1,339663417261e-11
0,87350885859683	1,2505174445952e-11
0,87572027342872	1,1737777007158e-11
0,87793168826061	1,2213889121318e-11
0,8801431030925	1,4679812201249e-11
0,8823545179244	1,8389279139816e-11
0,88456593275629	2,1600976754776e-11
0,88677734758818	2,3319872302473e-11
0,88898876242007	2,2550935252972e-11
0,89120017725196	1,8796661007991e-11
0,89341159208385	1,2803353554055e-11
0,89562300691574	7,5561668933235e-12
0,89783442174763	5,04521641309e-12
0,90004583657952	6,5143364157765e-12
0,90225725141141	1,1714795946202e-11
0,9044686662433	1,8905297744225e-11
0,90668008107519	2,5598260185123e-11
0,90889149590708	2,9306101017366e-11
0,91110291073897	2,7790000570276e-11
0,91331432557087	2,1049989247678e-11
0,91552574040276	1,1573708771283e-11
0,91773715523465	1,6000475751743e-12
0,91994857006654	-3,8957356619261e-12
0,92215998489843	-2,9235057715407e-12
0,92437139973032	4,5167870129043e-12
0,92658281456221	1,5440063673265e-11
0,9287942293941	2,9348846288562e-11
0,93100564422599	4,2760527084144e-11
0,93321705905788	5,0699933092552e-11
0,93542847388977	5,1674536894416e-11
0,93763988872166	4,3694291786226e-11
0,93985130355355	2,874932124317e-11
0,94206271838544	1,2809919668759e-11
0,94427413321733	-1,1387407731922e-12
0,94648554804923	-9,1164417527034e-12
0,94869696288112	-7,1429601438943e-12
0,95090837771301	8,0159654481109e-13
0,9531197925449	1,5214815097607e-11
0,95533120737679	3,1619075526147e-11
0,95754262220868	5,0014448202774e-11
0,95975403704057	5,8958020226929e-11
0,96196545187246	5,3474646429082e-11
0,96417686670435	3,7047034172936e-11
0,96638828153624	1,4650446102175e-11
0,96859969636813	-8,2423412543677e-12
0,97081111120002	-2,6656076989498e-11
0,97302252603191	-3,1635343302119e-11
0,9752339408638	-2,8155307519294e-11
0,9774453556957	-2,6166338661821e-11
0,97965677052759	-2,6165897469464e-11
0,98186818535948	-3,1636560684128e-11
0,98407960019137	-4,3075771772882e-11
0,98629101502326	-4,9537986837024e-11
0,98850242985515	-5,1023124420784e-11
0,99071384468704	-4,7531108555472e-11
0,99292525951893	-4,1549476863297e-11
0,99513667435082	-3,357569361869e-11
0,99734808918271	-3,3062608197473e-11
0,9995595040146	-4,8468026987375e-11
1,0017709188465	-6,3871229087818e-11
1,0039823336784	-7,9769679929434e-11
1,0061937485103	-9,6163319465211e-11
1,0084051633422	-9,6136370700336e-11
1,0106165781741	-7,9688774292528e-11
1,0128279930059	-4,7317997539279e-11
1,0150394078378	-7,9793703323724e-12
1,0172508226697	4,7282525984793e-11
1,0194622375016	9,2099114052603e-11
1,0216736523335	1,2597291156668e-10
1,0238850671654	1,4193866601067e-10
1,0260964819973	1,4148898761749e-10
1,0283078968292	1,1765863578855e-10
1,0305193116611	8,064684823838e-11
1,032730726493	3,0951202689204e-11
1,0349421413249	-1,4761292600832e-11
1,0371535561567	-3,3107106724803e-11
1,0393649709886	-2,7568855990374e-11
1,0415763858205	-1,0087025406815e-11
1,0437878006524	9,0148350517537e-12
1,0459992154843	1,394043814596e-11
1,0482106303162	1,6568097462642e-11
1,0504220451481	1,1891509871524e-11
1,05263345998	2,8977492962444e-12
1,0548448748119	-1,054338744618e-11
1,0570562896438	-3,1348999009293e-11
1,0592677044757	-6,3283526107741e-11
1,0614791193075	-9,0923818961861e-11
1,0636905341394	-1,0475479298578e-10
1,0659019489713	-1,0266199337104e-10
1,0681133638032	-8,8128080068259e-11
1,0703247786351	-5,742165934297e-11
1,072536193467	-1,7508039955797e-11
1,0747476082989	2,9373915179854e-11
1,0769590231308	8,5711783755088e-11
1,0791704379627	1,3707741516127e-10
1,0813818527946	1,5361949113004e-10
1,0835932676265	1,4429331540781e-10
1,0858046824583	1,0412358939436e-10
1,0880160972902	4,6543286487676e-11
1,0902275121221	2,8961410567375e-12
1,092438926954	-2,5822884249741e-11
1,0946503417859	-2,468822870883e-11
1,0968617566178	-5,6404564382335e-12
1,0990731714497	1,4404660705339e-11
1,1012845862816	1,9526384891663e-11
1,1034960011135	7,7345499339146e-12
1,1057074159454	-1,0025485956615e-11
1,1079188307773	-2,0818303867907e-11
1,1101302456091	-1,7678756164064e-11
1,112341660441	1,3830782188745e-12
1,1145530752729	2,7411650010132e-11
1,1167644901048	6,3391912070765e-11
1,1189759049367	8,9422855039279e-11
1,1211873197686	9,3563814055258e-11
1,1233987346005	7,9794805542288e-11
1,1256101494324	4,6125600846556e-11
1,1278215642643	6,4866431284227e-12
1,1300329790962	-2,7181715862509e-11
1,132244393928	-4,4929222272277e-11
1,1344558087599	-3,6805640583486e-11
1,1366672235918	-6,7913422654379e-12
1,1388786384237	5,1083704564456e-11
1,1410900532556	1,208985981734e-10
1,1433014680875	1,8872251714662e-10
1,1455128829194	2,3465438857143e-10
1,1477242977513	2,527237285783e-10
1,1499357125832	2,3496996710465e-10
1,1521471274151	1,9731353497024e-10
1,154358542247	1,4771452045207e-10
1,1565699570788	1,1005367077317e-10
1,1587813719107	7,8360465773748e-11
1,1609927867426	5,8604885558951e-11
1,1632042015745	4,2826325209115e-11
1,1654156164064	3,5004688126524e-11
1,1676270312383	3,9119875470516e-11
1,1698384460702	3,527077983384e-11
1,1720498609021	7,5364605913375e-12
1,174261275734	-2,0202356192827e-11
1,1764726905659	-5,1926126240628e-11
1,1786841053978	-7,569464510488e-11
1,1808955202296	-8,7528046693408e-11
1,1831069350615	-8,7426632448297e-11
1,1853183498934	-8,7331207695128e-11
1,1875297647253	-8,7242072635931e-11
1,1897411795572	-9,5119862290535e-11
1,1919525943891	-1,1494504520838e-10
1,194164009221	-1,2681708627156e-10
1,1963754240529	-1,2277595748471e-10
1,1985868388848	-1,1078230426921e-10
1,2007982537167	-9,4816603685513e-11
1,2030096685486	-1,1196492002855e-11
1,2052210833804	6,8434697206223e-11
1,2074324982123	1,6397749823971e-10
1,2096439130442	2,2766960503808e-10
1,2118553278761	2,3164956424289e-10
1,214066742708	1,8785760847704e-10
1,2162781575399	1,4405549293722e-10
1,2184895723718	9,2282608807435e-11
1,2207009872037	6,4380017694699e-11
1,2229124020356	2,4525912571194e-11
1,2251238168675	-7,379167413289e-12
1,2273352316994	-5,5216527856082e-11
1,2295466465312	-1,229666115636e-10
1,2317580613631	-1,8276850314496e-10
1,233969476195	-2,4656295233327e-10
1,2361808910269	-2,5862781887479e-10
1,2383923058588	-1,6722111840167e-10
1,2406037206907	2,3676784850475e-11
1,2428151355226	2,2650201043906e-10
1,2450265503545	3,8155185118311e-10
1,2472379651864	4,0922276937254e-10
1,2494493800183	3,6125676713581e-10
1,2516607948502	1,8989164841249e-10
1,253872209682	1,2542188635052e-11
1,2560836245139	-1,8870253343711e-10
1,2582950393458	-2,6856654008719e-10
1,2605064541777	-2,6486156634416e-10
1,2627178690096	-1,8952821039678e-10
1,2649292838415	-1,1818972430044e-10
1,2671406986734	-5,2836230114944e-11
1,2693521135053	8,5223333720478e-12
1,2715635283372	1,6133865067097e-11
1,2737749431691	-1,4080977706667e-11
1,275986358001	-1,418247179446e-10
1,2781977728328	-3,7903784148838e-10
1,2804091876647	-6,1825578878533e-10
1,2826206024966	-8,883347321902e-10
1,2848320173285	-1,0678794938726e-09
1,2870434321604	-1,0832568956282e-09
1,2892548469923	-9,8222886741508e-10
1,2914662618242	-7,994973636353e-10
1,2936776766561	-5,7598335110411e-10
1,295889091488	-4,4265906093542e-10
1,2981005063199	-4,0362884722359e-10
1,3003119211518	-4,0715029538148e-10
1,3025233359836	-4,7188016733802e-10
1,3047347508155	-5,4209582241749e-10
1,3069461656474	-6,2326968961279e-10
1,3091575804793	-7,1241631510217e-10
1,3113689953112	-8,0854035172632e-10
1,3135804101431	-9,1661666929536e-10
1,315791824975	-1,1062978471915e-09
1,3180032398069	-1,3755934363122e-09
1,3202146546388	-1,6389294138681e-09
1,3224260694707	-1,7470490250597e-09
1,3246374843025	-1,6123881016361e-09
1,3268488991344	-1,3742519974639e-09
1,3290603139663	-1,0485608588207e-09
1,3312717287982	-6,9501666384299e-10
1,3334831436301	-4,0516272425967e-10
1,335694558462	-2,7850267683943e-10
1,3379059732939	-3,6677813073488e-10
1,3401173881258	-5,545636106634e-10
1,3423288029577	-7,3837410087519e-10
1,3445402177896	-8,1870472292583e-10
1,3467516326215	-7,3187206045978e-10
1,3489630474533	-4,3807366820181e-10
1,3511744622852	-1,1243615527555e-10
1,3533858771171	9,3794887479136e-11
1,355597291949	1,0897722500336e-10
1,3578087067809	-7,4848672548008e-11
1,3600201216128	-4,1788032282002e-10
1,3622315364447	-8,0071186657547e-10
1,3644429512766	-1,0482150874423e-09
1,3666543661085	-1,0648651105317e-09
1,3688657809404	-8,1085938904621e-10
1,3710771957723	-3,6580038663121e-10
1,3732886106041	1,1110609807673e-10
1,375500025436	4,2881295416646e-10
1,3777114402679	4,6791612218992e-10
1,3799228550998	1,8861491627451e-10
1,3821342699317	-3,3744662454398e-10
1,3843456847636	-9,3514008659584e-10
1,3865570995955	-1,4611783876221e-09
1,3887685144274	-1,7006314221983e-09
1,3909799292593	-1,5898154632501e-09
1,3931913440912	-1,1764914945305e-09
1,3954027589231	-6,0394453560387e-10
1,3976141737549	-7,9142306504956e-11
1,3998255885868	2,227888054433e-10
1,4020370034187	2,5408778894917e-10
1,4042484182506	-1,7085696870983e-11
1,4064598330825	-5,4296860819872e-10
1,4086712479144	-1,1006704833585e-09
1,4108826627463	-1,5469041910582e-09
1,4130940775782	-1,7861446185757e-09
1,4153054924101	-1,7547079711011e-09
1,417516907242	-1,5162758528137e-09
1,4197283220739	-1,0708471834958e-09
1,4219397369057	-5,9354830395813e-10
1,4241511517376	-1,480608907505e-10
1,4263625665695	1,2232996232197e-10
1,4285739814014	1,6986318596276e-10
1,4307853962333	5,8222378388753e-11
1,4329968110652	-1,6482953890673e-10
1,4352082258971	-3,8784694921835e-10
1,437419640729	-4,5162220561586e-10
1,4396310555609	-1,8102697975624e-10
1,4418424703928	2,1697091180466e-10
1,4440538852247	6,3092767222197e-10
1,4462653000565	8,0611340974764e-10
1,4484767148884	8,2213229429004e-10
1,4506881297203	6,4714372708806e-10
1,4528995445522	2,1746573975173e-10
1,4551109593841	-1,9624955187401e-10
1,457322374216	-5,780807955534e-10
1,4595337890479	-6,8921725135873e-10
1,4617452038798	-5,9334097143459e-10
1,4639566187117	-3,541340418611e-10
1,4661680335436	9,2086761555987e-11
1,4683794483755	6,9755991171576e-10
1,4705908632073	1,3826824911531e-09
1,4728022780392	1,8927241503426e-09
1,4750136928711	2,0366372045593e-09
1,477225107703	1,5756118889796e-09
1,4794365225349	6,8477588069339e-10
1,4816479373668	-4,607432028405e-10
1,4838593521987	-1,5584524225591e-09
1,4860707670306	-2,194414159526e-09
1,4882821818625	-2,1298182490369e-09
1,4904935966944	-1,2532199448112e-09
1,4927050115263	1,1696727302544e-10
1,4949164263581	1,5986471763887e-09
1,49712784119	2,4992703892367e-09
1,4993392560219	2,5163439862353e-09
1,5015506708538	1,7931537906135e-09
1,5037620856857	7,7547832674915e-10
1,5059735005176	-2,8991232887119e-10
1,5081849153495	-9,8908115104732e-10
1,5103963301814	-1,2583459312927e-09
1,5126077450133	-7,7133349670789e-10
1,5148191598452	6,3912260569619e-10
1,517030574677	2,4675403347262e-09
1,5192419895089	4,1805764569334e-09
1,5214534043408	5,3085703267448e-09
1,5236648191727	5,4933059916612e-09
1,5258762340046	5,0472257832315e-09
1,5280876488365	3,8031616900818e-09
1,5302990636684	2,4675924863262e-09
1,5325104785003	9,487244277222e-10
1,5347218933322	-3,1786405653291e-10
1,5369333081641	-1,2582923424421e-09
1,539144722996	-1,9131096431834e-09
1,5413561378278	-2,4166479411418e-09
1,5435675526597	-2,6296028170363e-09
1,5457789674916	-2,384808697525e-09
1,5479903823235	-1,4633579375654e-09
1,5502017971554	-1,6774492491117e-10
1,5524132119873	1,2751591391147e-09
1,5546246268192	2,6862449969218e-09
1,5568360416511	3,8187405222853e-09
1,559047456483	4,1154204254504e-09
1,5612588713149	3,5285208112561e-09
1,5634702861468	2,0500794313018e-09
1,5656817009786	5,8757255257027e-10
1,5678931158105	-6,679538534695e-10
1,5701045306424	-1,2388817194884e-09
1,5723159454743	-9,0232377909024e-10
1,5745273603062	-5,6298992865637e-11
1,5767387751381	1,155904400164e-09
1,57895018997	2,3681087056582e-09
1,5811616048019	3,437025600868e-09
1,5833730196338	4,0601600206371e-09
1,5855844344657	4,1897476024048e-09
1,5877958492976	3,7939445956072e-09
1,5900072641294	3,0478759272283e-09
1,5922186789613	2,126666477848e-09
1,5944300937932	1,014393078108e-09
1,5966415086251	-9,7898756701124e-11
1,598852923457	-1,2738942062676e-09
1,6010643382889	-2,2588651034296e-09
1,6032757531208	-2,989131292258e-09
1,6054871679527	-3,2099646052656e-09
1,6076985827846	-2,8895263011735e-09
1,6099099976165	-1,9004536068218e-09
1,6121214124484	-3,3827315194844e-10
1,6143328272802	1,4785990122166e-09
1,6165442421121	3,2635881844212e-09
1,618755656944	4,6664369630781e-09
1,6209670717759	5,3687292905606e-09
1,6231784866078	5,1157318154858e-09
1,6253899014397	4,034807333565e-09
1,6276013162716	2,3806840276268e-09
1,6298127311035	5,0361415021962e-10
1,6320241459354	-1,1824673328172e-09
1,6342355607673	-2,4546734466021e-09
1,6364469755992	-3,2493239285748e-09
1,638658390431	-3,566421193145e-09
1,6408698052629	-3,5014916995057e-09
1,6430812200948	-3,1182205558963e-09
1,6452926349267	-2,5439755357631e-09
1,6475040497586	-1,810600323642e-09
1,6497154645905	-1,1728279058652e-09
1,6519268794224	-6,3066041408252e-10
1,6541382942543	-3,4330661685851e-10
1,6563497090862	-3,107684938379e-10
1,6585611239181	-3,4199990105524e-10
1,66077253875	-1,8227201096111e-10
1,6629839535818	3,913026701708e-10
1,6651953684137	1,4742463288553e-09
1,6674067832456	2,8436677678399e-09
1,6696181980775	4,2448345410505e-09
1,6718296129094	5,1682836058791e-09
1,6740410277413	5,168234726142e-09
1,6762524425732	4,0217972126439e-09
1,6784638574051	1,7608111679878e-09
1,680675272237	-8,1869102859858e-10
1,6828866870689	-3,2709317843247e-09
1,6850981019008	-4,5451479253455e-09
1,6873095167326	-4,2910857545216e-09
1,6895209315645	-2,6997941112534e-09
1,6917323463964	-5,6730723504289e-10
1,6939437612283	1,1829754117476e-09
1,6961551760602	2,13711603221e-09
1,6983665908921	2,0403835642542e-09
1,700578005724	1,4340805278316e-09
1,7027894205559	5,7293734687103e-10
1,7050008353878	-2,5647415343843e-10
1,7072122502197	-6,4021653462584e-10
1,7094236650515	-7,3749637923308e-10
1,7116350798834	-1,057774834791e-09
1,7138464947153	-1,2826379453988e-09
1,7160579095472	-1,6986570981195e-09
1,7182693243791	-1,8918941222662e-09
1,720480739211	-1,8623482378639e-09
1,7226921540429	-8,139850211507e-10
1,7249035688748	5,8452821321284e-10
1,7271149837067	1,6326830624773e-09
1,7293263985386	2,3623220274469e-09
1,7315378133705	2,5823984228139e-09
1,7337492282023	2,070024519526e-09
1,7359606430342	6,3415386776424e-10
1,7381720578661	-7,6997138835156e-10
1,740383472698	-2,0149840459366e-09
1,7425948875299	-2,4799758562379e-09
1,7448063023618	-2,4037547673357e-09
1,7470177171937	-1,6111912434108e-09
1,7492291320256	-1,5510640693649e-09
1,7514405468575	-1,5387818027982e-09
1,7536519616894	-1,5265798232727e-09
1,7558633765213	-1,0368351079234e-09
1,7580747913531	-8,3373708387484e-10
1,760286206185	-5,756648402324e-11
1,7624976210169	9,8122651091836e-10
1,7647090358488	2,6647410523956e-09
1,7669204506807	4,9969605263157e-09
1,7691318655126	6,9430445835716e-09
1,7713432803445	8,669168777497e-09
1,7735546951764	9,1882551937123e-09
1,7757661100083	7,4196919695136e-09
1,7779775248402	2,8102396889247e-09
1,7801889396721	-4,1077503681121e-09
1,7824003545039	-1,1626782283502e-08
1,7846117693358	-1,7975677437792e-08
1,7868231841677	-2,1220070335197e-08
1,7890345989996	-1,9950977526518e-08
1,7912460138315	-1,4685816602513e-08
1,7934574286634	-7,8763667212456e-09
1,7956688434953	-2,2609789872047e-09
1,7978802583272	-8,4463558651555e-11
1,8000916731591	-2,2542940615882e-09
1,802303087991	-7,6082569013371e-09
1,8045145028229	-1,2930371936636e-08
1,8067259176547	-1,5896216691591e-08
1,8089373324866	-1,4722671468786e-08
1,8111487473185	-9,6644624297186e-09
1,8133601621504	-1,8360317956202e-09
1,8155715769823	6,0561109648189e-09
1,8177829918142	1,1114408346251e-08
1,8199944066461	1,2288100795525e-08
1,822205821478	9,2906208716938e-09
1,8244172363099	2,695117436299e-09
1,8266286511418	-5,5879242037574e-09
1,8288400659737	-1,2469888882875e-08
1,8310514808055	-1,699553166788e-08
1,8332628956374	-1,8719069079412e-08
1,8354743104693	-1,8595736848591e-08
1,8376857253012	-1,8026549609366e-08
1,8398971401331	-1,7903060509127e-08
1,842108554965	-1,7779486261612e-08
1,8443199697969	-1,6636899330077e-08
1,8465313846288	-1,3774785640255e-08
1,8487427994607	-8,8747271514067e-09
1,8509542142926	-2,764594356176e-09
1,8531656291245	2,836184378823e-09
1,8553770439563	6,2718632516234e-09
1,8575884587882	6,9056191872663e-09
1,8597998736201	4,3553597880996e-09
1,862011288452	-7,4208428670671e-10
1,8642227032839	-6,9856901055865e-09
1,8664341181158	-1,2656021209441e-08
1,8686455329477	-1,6415737289139e-08
1,8708569477796	-1,7946421232342e-08
1,8730683626115	-1,6929656210772e-08
1,8752797774434	-1,4065948722507e-08
1,8774911922752	-1,0055805522904e-08
1,8797026071071	-5,5997334581781e-09
1,881914021939	-1,398239309492e-09
1,8841254367709	1,6571221440409e-09
1,8863368516028	2,9295268788934e-09
1,8885482664347	1,6547853364272e-09
1,8907596812666	-2,2307827852747e-09
1,8929710960985	-7,7082524447582e-09
1,8951825109304	-1,3249237340606e-08
1,8973939257623	-1,7006937915354e-08
1,8996053405942	-1,7452968067619e-08
1,901816755426	-1,4014182070018e-08
1,9040281702579	-7,4547706879063e-09
1,9062395850898	6,9688283431662e-10
1,9084509999217	8,5302988691791e-09
1,9106624147536	1,3943949463829e-08
1,9128738295855	1,5727864087598e-08
1,9150852444174	1,349994698419e-08
1,9172966592493	7,9607080299493e-09
1,9195080740812	3,2011845832545e-10
1,9217194889131	-8,0208025190131e-09
1,923930903745	-1,5024209049606e-08
1,9261423185768	-1,948013061547e-08
1,9283537334087	-2,0751741104793e-08
1,9305651482406	-1,9093772278436e-08
1,9327765630725	-1,5015686751288e-08
1,9349879779044	-9,6000914520406e-09
1,9371993927363	-4,9485163199125e-09
1,9394108075682	-2,2072511328452e-09
1,9416222224001	-2,4589030906894e-09
1,943833637232	-4,9392816989235e-09
1,9460450520639	-9,393658233648e-09
1,9482564668958	-1,4484698755853e-08
1,9504678817276	-1,7091954307609e-08
1,9526792965595	-1,676964893403e-08
1,9548907113914	-1,3772516324769e-08
1,9571021262233	-8,6100210030214e-09
1,9593135410552	-2,4921369356189e-09
1,9615249558871	3,6895751785813e-09
1,963736370719	8,4704102106935e-09
1,9659477855509	1,1086172417682e-08
1,9681592003828	1,102739634177e-08
1,9703706152147	7,7846163831514e-09
1,9725820300466	2,2175444396337e-09
1,9747934448784	-4,4320115579919e-09
1,9770048597103	-1,0826719573219e-08
1,9792162745422	-1,4928738099342e-08
1,9814276893741	-1,5973879321444e-08
1,983639104206	-1,2274556548692e-08
1,9858505190379	-5,3591591358333e-09
1,9880619338698	2,5115723910883e-09
1,9902733487017	9,1087385328597e-09
1,9924847635336	1,2362646299681e-08
1,9946961783655	1,1938956012101e-08
1,9969075931974	7,1530734001757e-09
1,9991190080292	-1,3900213148479e-09
2,0013304228611	-1,1636566895885e-08
2,003541837693	-2,0179545205665e-08
2,0057532525249	-2,5530379297936e-08
2,0079646673568	-2,5806455677392e-08
2,0101760821887	-2,1260521190269e-08
2,0123874970206	-1,3587138617827e-08
2,0145989118525	-5,3565076872807e-09
2,0168103266844	2,0293513747558e-09
2,0190217415163	7,0350828001921e-09
2,0212331563482	9,0079329153714e-09
2,02344457118	8,8235325541256e-09
2,0256559860119	7,8590136116821e-09
2,0278674008438	7,2447374496547e-09
2,0300788156757	7,6971277797669e-09
2,0322902305076	9,5186710574171e-09
2,0345016453395	1,242278876572e-08
2,0367130601714	1,5263186384435e-08
2,0389244750033	1,7084617619711e-08
2,0411358898352	1,6804470677392e-08
2,0433473046671	1,4008801832097e-08
2,0455587194989	8,9841769186898e-09
2,0477701343308	1,9534790495282e-09
2,0499815491627	-5,618596085567e-09
2,0521929639946	-1,1025540311575e-08
2,0544043788265	-1,299370562622e-08
2,0566157936584	-1,1777828511517e-08
2,0588272084903	-7,7600105917886e-09
2,0610386233222	-1,7044496537907e-09
2,0632500381541	4,3510025689785e-09
2,065461452986	8,8142731676823e-09
2,0676728678179	1,0984846907092e-08
2,0698842826497	1,1754276006411e-08
2,0720956974816	1,2014112884444e-08
2,0743071123135	1,2401179539864e-08
2,0765185271454	1,3042836691755e-08
2,0787299419773	1,2729108657536e-08
2,0809413568092	1,0313702474311e-08
2,0831527716411	7,006584687658e-09
2,085364186473	3,8266738199401e-09
2,0875756013049	1,7928885088798e-09
2,0897870161368	1,9241476970772e-09
2,0919984309686	2,1826015463283e-09
2,0942098458005	2,6319290095857e-09
2,0964212606324	1,8074247786371e-09
2,0986326754643	-2,9091455893554e-10
2,1008440902962	-1,9436595720488e-09
2,1030555051281	-2,4503036852135e-09
2,10526691996	-7,9192680386454e-10
2,1074783347919	3,4135644762234e-09
2,1096897496238	9,6567061022915e-09
2,1119011644557	1,6281745843921e-08
2,1141125792876	2,2015027851922e-08
2,1163239941194	2,4563973719449e-08
2,1185354089513	2,3546486019885e-08
2,1207468237832	1,9472025090646e-08
2,1229582386151	1,386897429366e-08
2,125169653447	8,138351511363e-09
2,1273810682789	3,1717131291145e-09
2,1295924831108	-2,6674972842568e-10
2,1318038979427	-1,6675763862221e-09
2,1340153127746	-6,4867099213752e-10
2,1362267276065	3,0446974481554e-09
2,1384381424384	9,0304335717117e-09
2,1406495572702	1,5270692260835e-08
2,1428609721021	1,9600263074897e-08
2,145072386934	2,0108666181186e-08
2,1472838017659	1,59043446401e-08
2,1494952165978	7,4967606718788e-09
2,1517066314297	-2,4394118877669e-09
2,1539180462616	-1,059267192992e-08
2,1561294610935	-1,3778883206509e-08
2,1583408759254	-1,1106485850801e-08
2,1605522907573	-3,7217656422006e-09
2,1627637055891	5,1911457868859e-09
2,164975120421	1,2320751480036e-08
2,1671865352529	1,5247112067048e-08
2,1693979500848	1,3524451617647e-08
2,1716093649167	8,9358883313684e-09
2,1738207797486	4,4745116453172e-09
2,1760321945805	2,8786805270249e-09
2,1782436094124	4,9762734896305e-09
2,1804550242443	9,3662751580233e-09
2,1826664390762	1,2928237812433e-08
2,1848778539081	1,2541713939628e-08
2,1870892687399	6,5509580531465e-09
2,1893006835718	-4,5345637441361e-09
2,1915120984037	-1,7594395027173e-08
2,1937235132356	-2,8489156257716e-08
2,1959349280675	-3,3079467916816e-08
2,1981463428994	-2,9964305931353e-08
2,2003577577313	-1,9462078791653e-08
2,2025691725632	-3,6106274632457e-09
2,2047805873951	1,3195947818939e-08
2,206992002227	2,770983530782e-08
2,2092034170588	3,8147925271589e-08
2,2114148318907	4,4128127260363e-08
2,2136262467226	4,5332033601951e-08
2,2158376615545	4,2141746314133e-08
2,2180490763864	3,4939367359824e-08
2,2202604912183	2,4457253678441e-08
2,2224719060502	1,1555127636036e-08
2,2246833208821	-3,098336440817e-09
2,226894735714	-1,7497127630453e-08
2,2291061505459	-2,8616312288104e-08
2,2313175653778	-3,3972259694715e-08
2,2335289802096	-3,2195786266447e-08
2,2357403950415	-2,3493854959405e-08
2,2379518098734	-1,0413767271688e-08
2,2401632247053	3,4782527284826e-09
2,2423746395372	1,544385610979e-08
2,2445860543691	2,2219311977508e-08
2,246797469201	2,3526015287029e-08
2,2490088840329	1,9694326343627e-08
2,2512202988648	1,365763476899e-08
2,2534317136967	6,4209384825911e-09
2,2556431285286	-7,9405381263873e-11
2,2578545433604	-5,4991066720454e-09
2,2600659581923	-1,0090900005169e-08
2,2622773730242	-1,3799056663326e-08
2,2644887878561	-1,5811615902624e-08
2,266700202688	-1,4831036748047e-08
2,2689116175199	-9,9179937597632e-09
2,2711230323518	-6,2670261005444e-10
2,2733344471837	1,1466695383738e-08
2,2755458620156	2,1458638539153e-08
2,2777572768475	2,4700296172124e-08
2,2799686916793	1,9631447968757e-08
2,2821801065112	7,4620703920418e-09
2,2843915213431	-8,8465863517118e-09
2,286602936175	-2,2607835237513e-08
2,2888143510069	-2,8440484578832e-08
2,2910257658388	-2,3478809302573e-08
2,2932371806707	-9,5377617262415e-09
2,2954485955026	8,3517303167647e-09
2,2976600103345	2,2675114479966e-08
2,2998714251664	2,8783559231178e-08
2,3020828399983	2,3429252165425e-08
2,3042942548301	8,5226780746671e-09
2,306505669662	-1,147837127831e-08
2,3087170844939	-3,05877200607e-08
2,3109284993258	-4,3647067754873e-08
2,3131399141577	-4,7472277215363e-08
2,3153513289896	-4,1744932071535e-08
2,3175627438215	-2,8502875358224e-08
2,3197741586534	-1,0993920995903e-08
2,3219855734853	6,9609727938388e-09
2,3241969883172	2,1095068842127e-08
2,326408403149	2,7396360368129e-08
2,3286198179809	2,5036974629156e-08
2,3308312328128	1,4781105556107e-08
2,3330426476447	-8,2393790043749e-10
2,3352540624766	-1,7766145252542e-08
2,3374654773085	-3,2415602213521e-08
2,3396768921404	-4,1715538462352e-08
2,3418883069723	-4,3819154945291e-08
2,3440997218042	-3,91722292741e-08
2,3463111366361	-2,8730000778366e-08
2,348522551468	-1,3829805215089e-08
2,3507339662998	2,7263195015361e-09
2,3529453811317	1,8072652571092e-08
2,3551567959636	3,0171347773682e-08
2,3573682107955	3,634773193084e-08
2,3595796256274	3,545551617622e-08
2,3617910404593	2,7431017188403e-08
2,3640024552912	1,3102109297242e-08
2,3662138701231	-4,9202180639214e-09
2,368425284955	-2,2815004482001e-08
2,3706366997869	-3,6442876362886e-08
2,3728481146188	-4,3065479421933e-08
2,3750595294506	-4,1090748081245e-08
2,3772709442825	-3,1473924430678e-08
2,3794823591144	-1,7335462116361e-08
2,3816937739463	-2,9421032006049e-09
2,3839051887782	7,503092895253e-09
2,3861166036101	1,1580182022282e-08
2,388328018442	8,5249697715558e-09
2,3905394332739	3,1161716154519e-10
2,3927508481058	-9,4299652151578e-09
2,3949622629377	-1,6878818943867e-08
2,3971736777695	-1,8978178146513e-08
2,3993850926014	-1,4836488411852e-08
2,4015965074333	-5,536358745257e-09
2,4038079222652	5,6743904077458e-09
2,4060193370971	1,4720063608135e-08
2,408230751929	1,8098109590397e-08
2,4104421667609	1,4407505796363e-08
2,4126535815928	4,9219025614064e-09
2,4148649964247	-6,9198383969519e-09
2,4170764112566	-1,6532567098312e-08
2,4192878260885	-1,990427800629e-08
2,4214992409203	-1,5442908078396e-08
2,4237106557522	-4,6768463166872e-09
2,4259220705841	8,318210581817e-09
2,428133485416	1,8129229519622e-08
2,4303449002479	2,0362100705421e-08
2,4325563150798	1,3361070258099e-08
2,4347677299117	-1,5365291029541e-09
2,4369791447436	-2,0000278313928e-08
2,4391905595755	-3,6235056781464e-08
2,4414019744074	-4,5592032759788e-08
2,4436133892393	-4,5714951737519e-08
2,4458248040711	-3,7049597755414e-08
2,448036218903	-2,2907475848827e-08
2,4502476337349	-8,3513646964703e-09
2,4524590485668	2,3838324747331e-09
2,4546704633987	6,2731838728616e-09
2,4568818782306	3,4440509527394e-09
2,4590932930625	-2,8875944898003e-09
2,4613047078944	-8,6779059681403e-09
2,4635161227263	-9,9467199895457e-09
2,4657275375582	-5,8024838870373e-09
2,46793895239	2,7040329113196e-09
2,4701503672219	1,2325008260565e-08
2,4723617820538	1,9303158824082e-08
2,4745731968857	2,1059331320407e-08
2,4767846117176	1,660643997393e-08
2,4789960265495	7,7435167185997e-09
2,4812074413814	-3,0139763358965e-09
2,4834188562133	-1,2561512300957e-08
2,4856302710452	-1,9052297380484e-08
2,4878416858771	-2,1984834509508e-08
2,490053100709	-2,2425812512469e-08
2,4922645155408	-2,1788194715704e-08
2,4944759303727	-2,0641148885587e-08
2,4966873452046	-1,9260305748356e-08
2,4988987600365	-1,6797396463855e-08
2,5011101748684	-1,2682764129707e-08
2,5033215897003	-6,4532210796299e-09
2,5055330045322	7,5538849132783e-10
2,5077444193641	6,6425245279401e-09
2,509955834196	9,0907353869971e-09
2,5121672490279	6,8263652835336e-09
2,5143786638597	4,145956617027e-10
2,5165900786916	-8,0510081625009e-09
2,5188014935235	-1,581617359379e-08
2,5210129083554	-2,0445041891323e-08
2,5232243231873	-2,0520677030886e-08
2,5254357380192	-1,6775432976383e-08
2,5276471528511	-1,0100869694428e-08
2,529858567683	-2,9646930936145e-09
2,5320699825149	2,9932659908094e-09
2,5342813973468	6,817765250142e-09
2,5364928121787	8,285912857372e-09
2,5387042270105	7,3977062042883e-09
2,5409156418424	4,5989217678749e-09
2,5431270566743	1,7612973915709e-10
2,5453384715062	-5,7433058357433e-09
2,5475498863381	-1,2427035109828e-08
2,54976130117	-1,8569563973146e-08
2,5519727160019	-2,261066790125e-08
2,5541841308338	-2,3722473564789e-08
2,5563955456657	-2,1427362552849e-08
2,5586069604976	-1,6394004616837e-08
2,5608183753295	-9,7050065412437e-09
2,5630297901613	-3,0161187990511e-09
2,5652412049932	1,6984950412281e-09
2,5674526198251	2,9741329453468e-09
2,569664034657	-1,7080260925235e-11
2,5718754494889	-5,9378085978928e-09
2,5740868643208	-1,2049696884275e-08
2,5762982791527	-1,491388026899e-08
2,5785096939846	-1,2747243635322e-08
2,5807211088165	-5,1676908986806e-09
2,5829325236484	6,1690281421634e-09
2,5851439384802	1,7314586942918e-08
2,5873553533121	2,3811197603701e-08
2,589566768144	2,1901581991361e-08
2,5917781829759	1,0821548599165e-08
2,5939895978078	-7,2000074719577e-09
2,5962010126397	-2,7386883465902e-08
2,5984124274716	-4,3243444076014e-08
2,6006238423035	-4,8847198446051e-08
2,6028352571354	-4,2287665252523e-08
2,6050466719673	-2,5284276479595e-08
2,6072580867992	-2,4221849770053e-09
2,609469501631	2,0248754881158e-08
2,6116809164629	3,6997102634425e-08
2,6138923312948	4,4702408331628e-08
2,6161037461267	4,2727847014983e-08
2,6183151609586	3,2920218544555e-08
2,6205265757905	1,8527341760603e-08
2,6227379906224	2,8607181000147e-09
2,6249494054543	-1,1150247169371e-08
2,6271608202862	-2,172243704834e-08
2,6293722351181	-2,8155340158062e-08
2,6315836499499	-3,0512637277068e-08
2,6337950647818	-2,9494836005853e-08
2,6360064796137	-2,6120857387658e-08
2,6382178944456	-2,1664353202773e-08
2,6404293092775	-1,7398975172937e-08
2,6426407241094	-1,3897865336863e-08
2,6448521389413	-1,1224704079735e-08
2,6470635537732	-9,0610755214098e-09
2,6492749686051	-6,9611983487651e-09
2,651486383437	-4,6703393425827e-09
2,6536977982689	-1,8700826867959e-09
2,6559092131007	1,5350979353781e-09
2,6581206279326	5,4815220834614e-09
2,6603320427645	9,4915718628925e-09
2,6625434575964	1,2896581371509e-08
2,6647548724283	1,5027884823105e-08
2,6669662872602	1,5184975207425e-08
2,6691777020921	1,2985759031557e-08
2,671389116924	8,4939216744113e-09
2,6736005317559	2,0915619169341e-09
2,6758119465878	-5,4571254299272e-09
2,6780233614197	-1,3196897631542e-08
2,6802347762515	-2,0172512082788e-08
2,6824461910834	-2,5269519507909e-08
2,6846576059153	-2,7564518638695e-08
2,6868690207472	-2,6197790765458e-08
2,6890804355791	-2,094644388701e-08
2,691291850411	-1,2383619474646e-08
2,6935032652429	-2,2287473425511e-09
2,6957146800748	7,0027090160645e-09
2,6979260949067	1,2445031138107e-08
2,7001375097386	1,2092216622819e-08
2,7023489245704	5,7850608056677e-09
2,7045603394023	-4,2953023021513e-09
2,7067717542342	-1,4248306085468e-08
2,7089831690661	-2,0077859715193e-08
2,711194583898	-1,9125208582327e-08
2,7134059987299	-1,1469953448834e-08
2,7156174135618	8,587006859696e-11
2,7178288283937	1,1020793634403e-08
2,7200402432256	1,7068079360803e-08
2,7222516580575	1,5648580253515e-08
2,7244630728894	6,8259806151622e-09
2,7266744877212	-6,6215607599871e-09
2,7288859025531	-2,037157974045e-08
2,731097317385	-3,0014048291757e-08
2,7333087322169	-3,2460353959423e-08
2,7355201470488	-2,6978143704071e-08
2,7377315618807	-1,4880870900083e-08
2,7399429767126	6,5529225316531e-10
2,7421543915445	1,5952672164347e-08
2,7443658063764	2,7729621807441e-08
2,7465772212083	3,320201510811e-08
2,7487886360402	3,1203664222868e-08
2,751000050872	2,1714669649861e-08
2,7532114657039	6,049483230457e-09
2,7554228805358	-1,2738109785216e-08
2,7576342953677	-3,0937596373409e-08
2,7598457101996	-4,4472287984412e-08
2,7620571250315	-4,9417737485532e-08
2,7642685398634	-4,3994808442152e-08
2,7664799546953	-2,8585595912318e-08
2,7686913695272	-6,322491339134e-09
2,7709027843591	1,6959579561028e-08
2,7731141991909	3,4820705517103e-08
2,7753256140228	4,1935422547576e-08
2,7775370288547	3,5740503569822e-08
2,7797484436866	1,7629008648468e-08
2,7819598585185	-6,6835397319906e-09
2,7841712733504	-2,8846748259461e-08
2,7863826881823	-4,0868439234106e-08
2,7885941030142	-3,7956490393846e-08
2,7908055178461	-2,0652204605281e-08
2,793016932678	5,2174524406813e-09
2,7952283475099	3,0068236826547e-08
2,7974397623417	4,4124856812946e-08
2,7996511771736	4,1432981895314e-08
2,8018625920055	2,1881167823853e-08
2,8040740068374	-8,3533645692854e-09
2,8062854216693	-3,9176909426037e-08
2,8084968365012	-6,0400236855996e-08
2,8107082513331	-6,5066013261799e-08
2,812919666165	-5,2091632917026e-08
2,8151310809969	-2,5616470535061e-08
2,8173424958288	6,399137714619e-09
2,8195539106606	3,4912249795988e-08
2,8217653254925	5,2615276904355e-08
2,8239767403244	5,55280508834e-08
2,8261881551563	4,3284396445168e-08
2,8283995699882	1,9307258465877e-08
2,8306109848201	-1,0289824683995e-08
2,832822399652	-3,8326630011343e-08
2,8350338144839	-5,7734379860827e-08
2,8372452293158	-6,3609508563699e-08
2,8394566441477	-5,4312188418925e-08
2,8416680589796	-3,2278283511322e-08
2,8438794738114	-3,589491238585e-09
2,8460908886433	2,3634645606883e-08
2,8483023034752	4,1688522106403e-08
2,8505137183071	4,5477523492811e-08
2,852725133139	3,5129014995527e-08
2,8549365479709	1,5291832141751e-08
2,8571479628028	-6,6786758071624e-09
2,8593593776347	-2,2917698294276e-08
2,8615707924666	-2,8107732178491e-08
2,8637822072985	-2,1771158291309e-08
2,8659936221304	-7,9836693279598e-09
2,8682050369622	6,1541144872712e-09
2,8704164517941	1,3700779610327e-08
2,872627866626	1,0771681349837e-08
2,8748392814579	-2,3147678232202e-09
2,8770506962898	-2,0639081398956e-08
2,8792621111217	-3,7291688861311e-08
2,8814735259536	-4,5936163739848e-08
2,8836849407855	-4,2942593653152e-08
2,8858963556174	-2,8693075448819e-08
2,8881077704493	-7,0244918300068e-09
2,8903191852811	1,636355574094e-08
2,892530600113	3,5564496876064e-08
2,8947420149449	4,6040938806943e-08
2,8969534297768	4,5643589490407e-08
2,8991648446087	3,4770464451861e-08
2,9013762594406	1,6080314829827e-08
2,9035876742725	-5,9053893893533e-09
2,9057990891044	-2,6060192501106e-08
2,9080105039363	-3,9830782965823e-08
2,9102219187682	-4,4271837261781e-08
2,9124333336001	-3,9017180981509e-08
2,9146447484319	-2,6311630157473e-08
2,9168561632638	-1,0358243584965e-08
2,9190675780957	4,1463791768006e-09
2,9212789929276	1,3476799764941e-08
2,9234904077595	1,6120553410714e-08
2,9257018225914	1,298511757825e-08
2,9279132374233	6,8406883266107e-09
2,9301246522552	9,8284382235993e-10
2,9323360670871	-2,1684747621674e-09
2,934547481919	-1,9127587788399e-09
2,9367588967508	4,6041650925296e-10
2,9389703115827	2,3878221004474e-09
2,9411817264146	1,4654356163062e-09
2,9433931412465	-3,4848737808489e-09
2,9456045560784	-1,1730756481053e-08
2,9478159709103	-2,0724906295245e-08
2,9500273857422	-2,7068260904434e-08
2,9522388005741	-2,77199727696e-08
2,954450215406	-2,1239221563787e-08
2,9566616302379	-8,3981602336421e-09
2,9588730450698	7,7146003816235e-09
2,9610844599016	2,2513905965614e-08
2,9632958747335	3,1231514167294e-08
2,9655072895654	3,0372836245924e-08
2,9677187043973	1,9030392752823e-08
2,9699301192292	-4,8731975231401e-10
2,9721415340611	-2,2902599096193e-08
2,974352948893	-4,1441199796202e-08
2,9765643637249	-4,998162396954e-08
2,9787757785568	-4,5339737883365e-08
2,9809871933887	-2,8629989391255e-08
2,9831986082206	-5,1101812447541e-09
2,9854100230524	1,7530001280321e-08
2,9876214378843	3,191928649207e-08
2,9898328527162	3,3822775162364e-08
2,9920442675481	2,3503157856955e-08
2,99425568238	5,6649924855403e-09
2,9964670972119	-1,2698566527723e-08
2,9986785120438	-2,4988401350883e-08
3,0008899268757	-2,7618381142335e-08
3,0031013417076	-2,0894979135086e-08
3,0053127565395	-8,4690045895178e-09
3,0075241713713	4,4196511379348e-09
3,0097355862032	1,2957720758265e-08
3,0119470010351	1,4379857573363e-08
3,014158415867	8,5521032945352e-09
3,0163698306989	-2,3482665473446e-09
3,0185812455308	-1,4737733147119e-08
3,0207926603627	-2,4560008099295e-08
3,0230040751946	-2,8410057737884e-08
3,0252154900265	-2,4540588188914e-08
3,0274269048584	-1,3516783186171e-08
3,0296383196903	1,6165287314036e-09
3,0318497345221	1,6007522485138e-08
3,034061149354	2,4426256762511e-08
3,0362725641859	2,3396054120004e-08
3,0384839790178	1,2578599652117e-08
3,0406953938497	-4,7703295879279e-09
3,0429068086816	-2,2764065151407e-08
3,0451182235135	-3,5209465369456e-08
3,0473296383454	-3,7895512136152e-08
3,0495410531773	-3,0396327214812e-08
3,0517524680092	-1,5935846668394e-08
3,0539638828411	-3,4563769625269e-11
3,0561752976729	1,1890512398478e-08
3,0583867125048	1,6452258440544e-08
3,0605981273367	1,3483507040708e-08
3,0628095421686	5,5793277504149e-09
3,0650209570005	-3,2562301517674e-09
3,0672323718324	-9,3693720449873e-09
3,0694437866643	-1,0793894611422e-08
3,0716552014962	-7,7447268022687e-09
3,0738666163281	-2,0607063479932e-09
3,07607803116	3,6949383107202e-09
3,0782894459918	7,1739078545224e-09
3,0805008608237	6,8955798287345e-09
3,0827122756556	2,5017394259034e-09
3,0849236904875	-5,2832222930955e-09
3,0871351053194	-1,459658627584e-08
3,0893465201513	-2,3018410172404e-08
3,0915579349832	-2,7929743500211e-08
3,0937693498151	-2,7364383457996e-08
3,095980764647	-2,0765106623487e-08
3,0981921794789	-9,4533286129763e-09
3,1004035943108	3,5778646753339e-09
3,1026150091426	1,4563234900292e-08
3,1048264239745	2,025496547323e-08
3,1070378388064	1,90052671093e-08
3,1092492536383	1,1562411393482e-08
3,1114606684702	6,4883312612919e-10
3,1136720833021	-1,0033911465102e-08
3,115883498134	-1,7062877620289e-08
3,1180949129659	-1,8654949486489e-08
3,1203063277978	-1,5144460402386e-08
3,1225177426297	-8,8001054408083e-09
3,1247291574615	-2,837859995093e-09
3,1269405722934	-1,3936578547289e-10
3,1291519871253	-2,1056423377911e-09
3,1313634019572	-7,9167754266259e-09
3,1335748167891	-1,4929933500393e-08
3,135786231621	-1,9570925130686e-08
3,1379976464529	-1,8894424936309e-08
3,1402090612848	-1,1929270690952e-08
3,1424204761167	-2,4364761019835e-10
3,1446318909486	1,2357404105524e-08
3,1468433057805	2,1336492747869e-08
3,1490547206123	2,3143307913736e-08
3,1512661354442	1,6727084746436e-08
3,1534775502761	4,0062641557475e-09
3,155688965108	-1,0712611562514e-08
3,1579003799399	-2,2454331420271e-08
3,1601117947718	-2,7604901726655e-08
3,1623232096037	-2,5209081250401e-08
3,1645346244356	-1,7233072549457e-08
3,1667460392675	-7,3863922533458e-09
3,1689574540994	5,6572040047019e-10
3,1711688689313	4,489895115653e-09
3,1733802837631	4,5134973668015e-09
3,175591698595	2,6345720234182e-09
3,1778031134269	1,2173397086375e-09
3,1800145282588	1,599137723648e-09
3,1822259430907	3,302346520358e-09
3,1844373579226	4,2572789935421e-09
3,1866487727545	2,2430013741948e-09
3,1888601875864	-3,8071714383376e-09
3,1910716024183	-1,2786752639219e-08
3,1932830172502	-2,1654893506278e-08
3,195494432082	-2,6698096734909e-08
3,1977058469139	-2,528149056095e-08
3,1999172617458	-1,7126462862992e-08
3,2021286765777	-4,5852927862443e-09
3,2043400914096	8,3499112222546e-09
3,2065515062415	1,7706941674894e-08
3,2087629210734	2,1030035354587e-08
3,2109743359053	1,8124164697199e-08
3,2131857507372	1,0716723314251e-08
3,2153971655691	1,3948208790973e-09
3,217608580401	-7,4415012025965e-09
3,2198199952328	-1,4271818976761e-08
3,2220314100647	-1,844338521665e-08
3,2242428248966	-1,986465620351e-08
3,2264542397285	-1,8623195407102e-08
3,2286656545604	-1,4921990782769e-08
3,2308770693923	-9,1749789663269e-09
3,2330884842242	-2,2259547677588e-09
3,2352998990561	4,597696328454e-09
3,237511313888	9,7039072976499e-09
3,2397227287199	1,1689668776614e-08
3,2419341435517	9,8146692327554e-09
3,2441455583836	4,3615003779131e-09
3,2463569732155	-3,3245409963074e-09
3,2485683880474	-1,1201628425741e-08
3,2507798028793	-1,7132411209303e-08
3,2529912177112	-1,962631587863e-08
3,2552026325431	-1,8305225996932e-08
3,257414047375	-1,4034827813068e-08
3,2596254622069	-8,5186331507695e-09
3,2618368770388	-3,5805540641812e-09
3,2640482918707	-3,8180466722107e-10
3,2662597067025	1,0378133563911e-09
3,2684711215344	1,6837901117865e-09
3,2706825363663	2,8695813616044e-09
3,2728939511982	5,3066425158887e-09
3,2751053660301	8,4315313495501e-09
3,277316780862	1,0549193945866e-08
3,2795281956939	9,6129532244908e-09
3,2817396105258	4,4543187494624e-09
3,2839510253577	-4,3706677039076e-09
3,2861624401896	-1,4613024589829e-08
3,2883738550215	-2,3126366624283e-08
3,2905852698533	-2,720853243868e-08
3,2927966846852	-2,5554026527462e-08
3,2950080995171	-1,870390278015e-08
3,297219514349	-8,6626733832342e-09
3,2994309291809	1,9601637515009e-09
3,3016423440128	1,0834717512034e-08
3,3038537588447	1,6344044556466e-08
3,3060651736766	1,7770719766218e-08
3,3082765885085	1,5033150031023e-08
3,3104880033404	8,5363177679645e-09
3,3126994181722	-7,8543245383067e-10
3,3149108330041	-1,135296908677e-08
3,317122247836	-2,089759661405e-08
3,3193336626679	-2,6788424155701e-08
3,3215450774998	-2,6788597234435e-08
3,3237564923317	-2,0036409183865e-08
3,3259679071636	-7,8035233230282e-09
3,3281793219955	6,4154730071771e-09
3,3303907368274	1,7830447435631e-08
3,3326021516593	2,2065204750539e-08
3,3348135664912	1,7060007452237e-08
3,337024981323	4,2616463140189e-09
3,3392363961549	-1,1738754690895e-08
3,3414478109868	-2,4935121435234e-08
3,3436592258187	-3,0405975445689e-08
3,3458706406506	-2,6394072087559e-08
3,3480820554825	-1,4939247554834e-08
3,3502934703144	-7,6795199092897e-10
3,3525048851463	1,0889872955049e-08
3,3547162999782	1,6537648985768e-08
3,3569277148101	1,5552479618284e-08
3,359139129642	9,850816145577e-09
3,3613505444738	2,3361918862206e-09
3,3635619593057	-4,69483552013e-09
3,3657733741376	-1,0392499955885e-08
3,3679847889695	-1,4868246481361e-08
3,3701962038014	-1,8295213216366e-08
3,3724076186333	-2,0094286593117e-08
3,3746190334652	-1,9035595228013e-08
3,3768304482971	-1,4130067307256e-08
3,379041863129	-5,6722346800418e-09
3,3812532779609	4,3119979075123e-09
3,3834646927927	1,2684268507049e-08
3,3856761076246	1,6493282521209e-08
3,3878875224565	1,4353940878542e-08
3,3900989372884	7,1040680139399e-09
3,3923103521203	-2,5836540997457e-09
3,3945217669522	-1,1447478171471e-08
3,3967331817841	-1,7031640328483e-08
3,398944596616	-1,8538116205796e-08
3,4011560114479	-1,6780849380741e-08
3,4033674262798	-1,3417579361119e-08
3,4055788411117	-9,9249485881593e-09
3,4077902559435	-6,9736160551547e-09
3,4100016707754	-4,3347230864558e-09
3,4122130856073	-1,4649776228405e-09
3,4144245004392	1,8883605893639e-09
3,4166359152711	5,2994137448563e-09
3,418847330103	7,73134868601e-09
3,4210587449349	8,0139967261115e-09
3,4232701597668	5,430928073987e-09
3,4254815745987	1,3338910277908e-10
3,4276929894306	-6,7582033471893e-09
3,4299044042624	-1,3381131346567e-08
3,4321158190943	-1,7717450388602e-08
3,4343272339262	-1,8234796228567e-08
3,4365386487581	-1,4475449673376e-08
3,43875006359	-7,2812161331319e-09
3,4409614784219	1,3717512143411e-09
3,4431728932538	8,9102739618766e-09
3,4453843080857	1,2932320805362e-08
3,4475957229176	1,1909507180185e-08
3,4498071377495	5,6866063906911e-09
3,4520185525814	-4,422926296945e-09
3,4542299674132	-1,593347613633e-08
3,4564413822451	-2,5766383356564e-08
3,458652797077	-3,1067867719071e-08
3,4608642119089	-3,0013022475186e-08
3,4630756267408	-2,2380948606306e-08
3,4652870415727	-9,7099812823319e-09
3,4674984564046	5,0664956126668e-09
3,4697098712365	1,8390212038583e-08
3,4719212860684	2,6973549541909e-08
3,4741327009003	2,860552512397e-08
3,4763441157322	2,2667222809332e-08
3,478555530564	1,0314881244744e-08
3,4807669453959	-5,6832931883616e-09
3,4829783602278	-2,1482458832439e-08
3,4851897750597	-3,3081552381074e-08
3,4874011898916	-3,7419824959407e-08
3,4896126047235	-3,3364918734097e-08
3,4918240195554	-2,2180536713548e-08
3,4940354343873	-7,1931038667711e-09
3,4962468492192	7,2779027993039e-09
3,4984582640511	1,7347839354737e-08
3,5006696788829	2,083557348595e-08
3,5028810937148	1,78425990631e-08
3,5050925085467	1,0443578259141e-08
3,5073039233786	1,645527749419e-09
3,5095153382105	-5,9067309060575e-09
3,5117267530424	-1,0888796779837e-08
3,5139381678743	-1,3488732778922e-08
3,5161495827062	-1,4793124780153e-08
3,5183609975381	-1,5745272637473e-08
3,52057241237	-1,635661934599e-08
3,5227838272019	-1,5689337782019e-08
3,5249952420337	-1,266728996658e-08
3,5272066568656	-7,1859964898656e-09
3,5294180716975	-7,0617912469121e-10
3,5316294865294	4,2253518984708e-09
3,5338409013613	5,3593038655731e-09
3,5360523161932	2,2255192254917e-09
3,5382637310251	-3,2757206196008e-09
3,540475145857	-7,6734603131377e-09
3,5426865606889	-7,7539627728462e-09
3,5448979755208	-2,4682048229868e-09
3,5471093903526	6,1751968907558e-09
3,5493208051845	1,3821067765601e-08
3,5515322200164	1,5795944045729e-08
3,5537436348483	9,5130894598879e-09
3,5559550496802	-3,9564577328517e-09
3,5581664645121	-2,0016831660314e-08
3,560377879344	-3,2473071686564e-08
3,5625892941759	-3,6272680926409e-08
3,5648007090078	-2,9764278405501e-08
3,5670121238397	-1,5380368891511e-08
3,5692235386716	1,5723639949299e-09
3,5714349535034	1,5288098816484e-08
3,5736463683353	2,180370775854e-08
3,5758577831672	2,0211215258639e-08
3,5780691979991	1,2376325333788e-08
3,580280612831	1,5799403085637e-09
3,5824920276629	-9,0430601611118e-09
3,5847034424948	-1,7399854339009e-08
3,5869148573267	-2,2451618742904e-08
3,5891262721586	-2,3702325141722e-08
3,5913376869905	-2,0836047653257e-08
3,5935491018224	-1,3848308310127e-08
3,5957605166542	-3,6177288060317e-09
3,5979719314861	7,6750566626475e-09
3,600183346318	1,6736459235698e-08
3,6023947611499	2,0171893025701e-08
3,6046061759818	1,5936546372654e-08
3,6068175908137	4,5274422822322e-09
3,6090290056456	-1,0772278573845e-08
3,6112404204775	-2,4832677320223e-08
3,6134518353094	-3,2554163513818e-08
3,6156632501413	-3,0853599034743e-08
3,6178746649731	-1,9955862811792e-08
3,620086079805	-3,4301701248457e-09
3,6222974946369	1,3090546256382e-08
3,6245089094688	2,3952457299338e-08
3,6267203243007	2,5527639308619e-08
3,6289317391326	1,7470812280323e-08
3,6311431539645	2,7860079534321e-09
3,6333545687964	-1,334857475393e-08
3,6355659836283	-2,5437318308337e-08
3,6377773984602	-2,9642345235176e-08
3,6399888132921	-2,5079063052223e-08
3,6422002281239	-1,4070895085309e-08
3,6444116429558	-1,2437920997099e-09
3,6466230577877	8,2737989439687e-09
