CST XY Data Exchange Format V2

Title    = Probe Value
Xlabel   = Time / ns
Ylabel   = Electric Field / V/m

Curvelabel          = E-Field (25 -10 25)(Abs) [pw]
Filename            = ^E-Field (25 -10 25)(Abs)(pw).sig
Npoints             = 1518
Type                = 8
Subtype             = 7
Result type         = real:cartesian
View type           = Cartesian
Plot type           = Real
Data/Title          = Probe Value
X/Label             = Time
X/Unit              = ns
Y/Label             = Electric Field
Y/Unit              = V/m
Y/Logfactor         = 20
Plot/wrapHeuristics = 0

0	0
0,0023718035306984	0
0,0047436070613968	0
0,0071154105920951	0
0,0094872141227935	0
0,011859017653492	0
0,01423082118419	0
0,016602624714889	0
0,018974428245587	0
0,021346231776285	0
0,023718035306984	0
0,026089838837682	0
0,028461642368381	0
0,030833445899079	0
0,033205249429777	0
0,035577052960476	0
0,037948856491174	0
0,040320660021872	0
0,042692463552571	0
0,045064267083269	0
0,047436070613968	0
0,049807874144666	0
0,052179677675364	0
0,054551481206063	0
0,056923284736761	0
0,059295088267459	0
0,061666891798158	0
0,064038695328856	0
0,066410498859555	0
0,068782302390253	0
0,071154105920951	0
0,07352590945165	0
0,075897712982348	9,0854251983504e-30
0,078269516513047	4,1866701793362e-28
0,080641320043745	9,7244938927647e-27
0,083013123574443	1,517961567254e-25
0,085384927105142	1,7913708688008e-24
0,08775673063584	1,7047190368384e-23
0,090128534166538	1,362620715544e-22
0,092500337697237	9,4095729355525e-22
0,094872141227935	5,7302826039051e-21
0,097243944758634	3,1261982744298e-20
0,099615748289332	1,5469276910887e-19
0,10198755182003	7,0126991535361e-19
0,10435935535073	2,9366362266359e-18
0,10673115888143	1,1438674016625e-17
0,10910296241213	4,168922054871e-17
0,11147476594282	1,4288966385705e-16
0,11384656947352	4,6262263062424e-16
0,11621837300422	1,4203250905988e-15
0,11859017653492	4,1493080033739e-15
0,12096198006562	1,1569664991732e-14
0,12333378359632	3,0875670148506e-14
0,12570558712701	7,905675347114e-14
0,12807739065771	1,9465481792965e-13
0,13044919418841	4,618330933927e-13
0,13282099771911	1,0578240396691e-12
0,13519280124981	2,343146054315e-12
0,13756460478051	5,0272918102068e-12
0,1399364083112	1,0463040650833e-11
0,1423082118419	2,1152699359402e-11
0,1446800153726	4,1592262401185e-11
0,1470518189033	7,9637389162267e-11
0,149423622434	1,4865032880461e-10
0,1517954259647	2,7078014537433e-10
0,15416722949539	4,8183854781355e-10
0,15653903302609	8,3835539791629e-10
0,15891083655679	1,4275235377412e-09
0,16128264008749	2,3808615367273e-09
0,16365444361819	3,8925140253575e-09
0,16602624714889	6,2431622374874e-09
0,16839805067958	9,8304997243292e-09
0,17076985421028	1,520713550926e-08
0,17314165774098	2,3126593210592e-08
0,17551346127168	3,4597745169801e-08
0,17788526480238	5,094762252993e-08
0,18025706833308	7,3892025563446e-08
0,18262887186378	1,0561267039557e-07
0,18500067539447	1,488390403481e-07
0,18737247892517	2,0693223738345e-07
0,18974428245587	2,8396765668636e-07
0,19211608598657	3,8481238233883e-07
0,19448788951727	5,1519286822258e-07
0,19685969304797	6,8174802130164e-07
0,19923149657866	8,9206235745647e-07
0,20160330010936	1,1546741263608e-06
0,20397510364006	1,4790533811038e-06
0,20634690717076	1,8755449229972e-06
0,20871871070146	2,355272953091e-06
0,21109051423216	2,93000319822e-06
0,21346231776285	3,6119619005183e-06
0,21583412129355	4,4136097693159e-06
0,21820592482425	5,3473736565173e-06
0,22057772835495	6,4253368607425e-06
0,22294953188565	7,658897203543e-06
0,22532133541635	9,0583940545582e-06
0,22769313894704	1,0632720147987e-05
0,23006494247774	1,2388925794721e-05
0,23243674600844	1,4331830698816e-05
0,23480854953914	1,6463660759658e-05
0,23718035306984	1,8783718550499e-05
0,23955215660054	2,128811354539e-05
0,24192396013123	2,3969565854751e-05
0,24429576366193	2,6817292522355e-05
0,24666756719263	2,981699955888e-05
0,24903937072333	3,2950977539342e-05
0,25141117425403	3,6198326836446e-05
0,25378297778473	3,9535284245163e-05
0,25615478131542	4,2935677794773e-05
0,25852658484612	4,6371478606782e-05
0,26089838837682	4,9813442556511e-05
0,26327019190752	5,3231809872499e-05
0,26564199543822	5,6597053983095e-05
0,26801379896892	5,988064629594e-05
0,27038560249962	6,3055747106705e-05
0,27275740603031	6,6097895059393e-05
0,27512920956101	6,8985531483779e-05
0,27750101309171	7,1700434929221e-05
0,27987281662241	7,4227970297364e-05
0,28224462015311	7,6557181542684e-05
0,28461642368381	7,868070186884e-05
0,2869882272145	8,0594464039472e-05
0,2893600307452	8,2297303504e-05
0,2917318342759	8,3790393503679e-05
0,2941036378066	8,5076642518071e-05
0,2964754413373	8,6160030876778e-05
0,298847244868	8,7044982133874e-05
0,30121904839869	8,7735743133025e-05
0,30359085192939	8,8235879948274e-05
0,30596265546009	8,8547857834711e-05
0,30833445899079	8,8672751539264e-05
0,31070626252149	8,8610080177861e-05
0,31307806605219	8,8357766678941e-05
0,31544986958288	8,7912189927511e-05
0,31782167311358	8,7268373063127e-05
0,32019347664428	8,6420235509492e-05
0,32256528017498	8,5360960879743e-05
0,32493708370568	8,4083396747549e-05
0,32730888723638	8,2580547118744e-05
0,32968069076707	8,0846041727829e-05
0,33205249429777	7,8874582159345e-05
0,33442429782847	7,6662251815319e-05
0,33679610135917	7,4206599925126e-05
0,33916790488987	7,1506351856285e-05
0,34153970842057	6,8560597984709e-05
0,34391151195127	6,5367423464789e-05
0,34628331548196	6,1921883301892e-05
0,34865511901266	5,8213409634027e-05
0,35102692254336	5,4222854005106e-05
0,35339872607406	4,9919500669314e-05
0,35577052960476	4,5258481115e-05
0,35814233313546	4,0179182222523e-05
0,36051413666615	3,4605144873028e-05
0,36288594019685	2,8445900577977e-05
0,36525774372755	2,1600964120541e-05
0,36762954725825	1,3965890956758e-05
0,37000135078895	5,4399690069482e-06
0,37237315431965	4,0652440225494e-06
0,37474495785034	1,4617561295339e-05
0,37711676138104	2,6257166867688e-05
0,37948856491174	3,8992072094404e-05
0,38186036844244	5,279690816807e-05
0,38423217197314	6,7615507249807e-05
0,38660397550384	8,3367227108722e-05
0,38897577903453	9,9956423958732e-05
0,39134758256523	0,00011728406175322
0,39371938609593	0,00013526001238847
0,39609118962663	0,00015381464616851
0,39846299315733	0,00017290815979732
0,40083479668803	0,00019253656715153
0,40320660021872	0,00021273357646639
0,40557840374942	0,00023356804686459
0,40795020728012	0,00025513736606121
0,41032201081082	0,00027755744449872
0,41269381434152	0,00030095053101928
0,41506561787222	0,00032543218843832
0,41743742140291	0,00035109903389763
0,41980922493361	0,00037801878514448
0,42218102846431	0,00040622372514325
0,42455283199501	0,00043570861631323
0,42692463552571	0,00046643312233028
0,42929643905641	0,00049832906194443
0,43166824258711	0,00053131089572887
0,4340400461178	0,00056528884320688
0,4364118496485	0,00060018255618213
0,4387836531792	0,00063593381871309
0,4411554567099	0,00067251639654588
0,4435272602406	0,00070994176137281
0,4458990637713	0,00074825983243671
0,44827086730199	0,00078755438785404
0,45064267083269	0,00082793372503512
0,45301447436339	0,00086951687147823
0,45538627789409	0,0009124179415528
0,45775808142479	0,00095672945040155
0,46012988495549	0,0010025072037519
0,46250168848618	0,0010497586639975
0,46487349201688	0,0010984364148104
0,46724529554758	0,0011484380220895
0,46961709907828	0,0011996125229993
0,47198890260898	0,0012517730795936
0,47436070613968	0,0013047142674675
0,47673250967037	0,0013582312647692
0,47910431320107	0,0014121387167615
0,48147611673177	0,0014662858460099
0,48384792026247	0,0015205660468889
0,48621972379317	0,0015749196665987
0,48859152732387	0,0016293298799904
0,49096333085456	0,0016838127706085
0,49333513438526	0,001738403286558
0,49570693791596	0,0017931396204628
0,49807874144666	0,0018480474503738
0,50045054497736	0,0019031266835902
0,50282234850806	0,0019583412596006
0,50519415203875	0,0020136128464455
0,50756595556945	0,0020688197283108
0,50993775910015	0,0021237998646459
0,51230956263085	0,0021783575646029
0,51468136616155	0,0022322734059945
0,51705316969225	0,002285314432354
0,51942497322294	0,0023372437937921
0,52179677675364	0,0023878285338421
0,52416858028434	0,0024368438536852
0,52654038381504	0,0024840749661615
0,52891218734574	0,0025293156125609
0,53128399087644	0,0025723660232116
0,53365579440713	0,0026130302291639
0,53602759793783	0,002651114115479
0,53839940146853	0,0026864232891165
0,54077120499923	0,0027187634497366
0,54314300852993	0,0027479406678016
0,54551481206063	0,0027737619407793
0,54788661559132	0,0027960369544533
0,55025841912202	0,0028145779902223
0,55263022265272	0,0028291977002873
0,55500202618342	0,0028397028040145
0,55737382971412	0,0028458821295649
0,55974563324482	0,0028474902058984
0,56211743677551	0,0028442288153657
0,56448924030621	0,0028357310492145
0,56686104383691	0,002821554447749
0,56923284736761	0,0028011888798766
0,57160465089831	0,0027740812014523
0,57397645442901	0,0027396747457105
0,5763482579597	0,0026974578056494
0,5787200614904	0,002647009891602
0,5810918650211	0,0025880343618283
0,5834636685518	0,0025203676925689
0,5858354720825	0,0024439597328297
0,5882072756132	0,002358827076008
0,59057907914389	0,0022649862228007
0,59295088267459	0,0021623793280683
0,59532268620529	0,0020508081980482
0,59769448973599	0,0019298884035851
0,60006629326669	0,0017990345407448
0,60243809679739	0,00165747997603
0,60480990032808	0,0015043285732836
0,60718170385878	0,0013386313106883
0,60955350738948	0,0011594749024862
0,61192531092018	0,00096606889114045
0,61429711445088	0,00075781649372495
0,61666891798158	0,00053435819435563
0,61904072151227	0,00029558028422793
0,62141252504297	4,1587099254264e-05
0,62378432857367	0,0002273592888929
0,62615613210437	0,00051092254669879
0,62852793563507	0,00080878661311117
0,63089973916577	0,0011207480915496
0,63327154269646	0,001446793285509
0,63564334622716	0,0017871503310275
0,63801514975786	0,002142308826027
0,64038695328856	0,0025130030051649
0,64275875681926	0,0029001609862859
0,64513056034996	0,0033048244454009
0,64750236388065	0,0037280484073991
0,64987416741135	0,0041707949185244
0,65224597094205	0,0046338359889055
0,65461777447275	0,0051176785051163
0,65698957800345	0,0056225227003313
0,65936138153415	0,0061482593733097
0,66173318506484	0,0066945054854044
0,66410498859554	0,0072606692363436
0,66647679212624	0,0078460360903357
0,66884859565694	0,0084498640722282
0,67122039918764	0,0090714746140403
0,67359220271834	0,0097103315358266
0,67596400624903	0,01036610630686
0,67833580977973	0,011038716609057
0,68070761331043	0,011728335977835
0,68307941684113	0,012435370441578
0,68545122037183	0,013160398822479
0,68782302390253	0,01390407744039
0,69019482743322	0,014667023680933
0,69256663096392	0,015449690664366
0,69493843449462	0,016252249701293
0,69731023802532	0,017074513165815
0,69968204155602	0,017915888516054
0,70205384508672	0,018775385710203
0,70442564861741	0,019651672085244
0,70679745214811	0,020543161349471
0,70916925567881	0,02144813298079
0,71154105920951	0,022364862749088
0,71391286274021	0,023291758429822
0,71628466627091	0,02422746585345
0,7186564698016	0,025170946032276
0,7210282733323	0,02612149147575
0,723400076863	0,027078684660623
0,7257718803937	0,028042297172754
0,7281436839244	0,029012130262176
0,7305154874551	0,029987842790889
0,73288729098579	0,030968783630274
0,73525909451649	0,031953881903648
0,73763089804719	0,032941598040379
0,74000270157789	0,033929960856105
0,74237450510859	0,03491666841092
0,74474630863929	0,035899222981372
0,74711811216998	0,036875060099617
0,74948991570068	0,037841656827654
0,75186171923138	0,038796580703213
0,75423352276208	0,039737497155799
0,75660532629278	0,040662144292143
0,75897712982348	0,041568291366359
0,76134893335417	0,042453713565395
0,76372073688487	0,043316162344859
0,76609254041557	0,044153360979395
0,76846434394627	0,044962991213804
0,77083614747697	0,04574267249812
0,77320795100767	0,04648992194098
0,77557975453836	0,04720212612865
0,77795155806906	0,047876504044817
0,78032336159976	0,048510078889616
0,78269516513046	0,049099689945308
0,78506696866116	0,049642008891565
0,78743877219186	0,050133590234574
0,78981057572255	0,050570911353672
0,79218237925325	0,050950390299844
0,79455418278395	0,051268413976696
0,79692598631465	0,051521304026648
0,79929778984535	0,05170530496527
0,80166959337605	0,051816557483521
0,80404139690674	0,05185107768283
0,80641320043744	0,051804783772852
0,80878500396814	0,051673540567729
0,81115680749884	0,051453218814435
0,81352861102954	0,051139769353217
0,81590041456024	0,050729294311608
0,81827221809093	0,050218082701439
0,82064402162163	0,049602591137123
0,82301582515233	0,048879396372978
0,82538762868303	0,048045085545782
0,82775943221373	0,047096124169202
0,83013123574443	0,0460287389603
0,83250303927512	0,044838837746271
0,83487484280582	0,043521997598769
0,83724664633652	0,042073521195836
0,83961844986722	0,040488552512187
0,84199025339792	0,038762228106489
0,84436205692862	0,036889813576569
0,84673386045931	0,034866823699314
0,84910566399001	0,032689089175064
0,85147746752071	0,030352778875746
0,85384927105141	0,027854393912035
0,85622107458211	0,025190724620305
0,85859287811281	0,02235879420069
0,8609646816435	0,01935577862382
0,8633364851742	0,01617892060472
0,8657082887049	0,012825440610292
0,8680800922356	0,0092924571368317
0,8704518957663	0,005576942399165
0,87282369929699	0,0016757252043818
0,87519550282769	0,0024144566723666
0,87756730635839	0,0066968515507829
0,87993910988909	0,011174559985971
0,88231091341979	0,015850396551861
0,88468271695049	0,020726775170624
0,88705452048118	0,025805645149283
0,88942632401188	0,03108847115642
0,89179812754258	0,036576260290744
0,89416993107328	0,042269601386121
0,89654173460398	0,048168721373482
0,89891353813468	0,054273525327465
0,90128534166537	0,06058363206343
0,90365714519607	0,067098415667313
0,90602894872677	0,073817069273585
0,90840075225747	0,080738634729416
0,91077255578817	0,087862041158122
0,91314435931887	0,095186078261403
0,91551616284956	0,102709336991
0,91788796638026	0,11043007309348
0,92025976991096	0,1183460647222
0,92263157344166	0,12645449378063
0,92500337697236	0,13475186582908
0,92737518050306	0,14323403974885
0,92974698403375	0,15189631080194
0,93211878756445	0,16073353522058
0,93449059109515	0,16974024293108
0,93686239462585	0,1789106850165
0,93923419815655	0,18823875658984
0,94160600168725	0,19771791966714
0,94397780521794	0,20734101924963
0,94634960874864	0,21710017653269
0,94872141227934	0,22698668804765
0,95109321581004	0,23699108499018
0,95346501934074	0,2471032459441
0,95583682287144	0,25731259859778
0,95820862640213	0,26760821466952
0,96058042993283	0,27797890483287
0,96295223346353	0,28841325431367
0,96532403699423	0,298899480502
0,96769584052493	0,30942531429548
0,97006764405563	0,31997784584558
0,97243944758632	0,33054339403524
0,97481125111702	0,34110743528487
0,97718305464772	0,35165455608963
0,97955485817842	0,36216850048217
0,98192666170912	0,37263221749526
0,98429846523982	0,38302793235581
0,98667026877051	0,39333731260429
0,98904207230121	0,40354150369168
0,99141387583191	0,4136212239049
0,99378567936261	0,42355675250102
0,99615748289331	0,43332803649842
0,99852928642401	0,44291466694538
1,0009010899547	0,45229587892005
1,0032728934854	0,46145064645591
1,0056446970161	0,47035754015364
1,0080165005468	0,47899472718117
1,0103883040775	0,48733978142295
1,0127601076082	0,49536951736056
1,0151319111389	0,50305987141601
1,0175037146696	0,51038580702644
1,0198755182003	0,51732126718137
1,022247321731	0,52383945919884
1,0246191252617	0,52991302084473
1,0269909287924	0,53551451869092
1,0293627323231	0,54061649557793
1,0317345358538	0,54519185031637
1,0341063393845	0,5492138139556
1,0364781429152	0,55265571247034
1,0388499464459	0,55549084810395
1,0412217499766	0,55769230951777
1,0435935535073	0,5592327344777
1,045965357038	0,56008433358553
1,0483371605687	0,56021884281622
1,0507089640994	0,55960768963736
1,0530807676301	0,5582221591285
1,0554525711608	0,55603358383186
1,0578243746915	0,55301346240904
1,0601961782222	0,54913348337236
1,0625679817529	0,5443655013535
1,0649397852836	0,53868172695422
1,0673115888143	0,53205465555239
1,069683392345	0,5244570435706
1,0720551958757	0,51586205086421
1,0744269994064	0,50624331191531
1,0767988029371	0,49557481717614
1,0791706064677	0,48383110291969
1,0815424099984	0,47098727497115
1,0839142135291	0,45701900870778
1,0862860170598	0,4419028101038
1,0886578205905	0,42561594453622
1,0910296241212	0,40813667409834
1,0934014276519	0,38944422200267
1,0957732311826	0,36951884377498
1,0981450347133	0,3483416611349
1,100516838244	0,32589470945864
1,1028886417747	0,30216091404763
1,1052604453054	0,27712418505393
1,1076322488361	0,25076958359953
1,1100040523668	0,2230834997613
1,1123758558975	0,19405390768303
1,1147476594282	0,1636704011726
1,1171194629589	0,13192427082866
1,1194912664896	0,09880847437619
1,1218630700203	0,064317592170262
1,124234873551	0,028447812364496
1,1266066770817	0,0088030108736523
1,1289784806124	0,047435304335628
1,1313502841431	0,08744765934515
1,1337220876738	0,12883675240237
1,1360938912045	0,1715972617547
1,1384656947352	0,21572182475407
1,1408374982659	0,2612009903944
1,1432093017966	0,30802317184927
1,1455811053273	0,35617452188238
1,147952908858	0,40563892691448
1,1503247123887	0,45639784090385
1,1526965159194	0,50843024974959
1,1550683194501	0,56171270688863
1,1574401229808	0,61621917904187
1,1598119265115	0,67192114113952
1,1621837300422	0,72878741020183
1,1645555335729	0,78678419280179
1,1669273371036	0,84587506133369
1,1692991406343	0,90602071669978
1,171670944165	0,96717936801169
1,1740427476957	1,0293064952771
1,1764145512264	1,0923550629816
1,1787863547571	1,1562754251636
1,1811581582878	1,2210153254141
1,1835299618185	1,2865195646382
1,1859017653492	1,3527302383681
1,1882735688799	1,419586357062
1,1906453724106	1,4870237986413
1,1930171759413	1,5549753084908
1,195388979472	1,6233706418464
1,1977607830027	1,6921366587205
1,2001325865334	1,761197228977
1,2025043900641	1,8304738493456
1,2048761935948	1,8998853586465
1,2072479971255	1,9693483174907
1,2096198006562	2,0387766285798
1,2119916041869	2,1080816316302
1,2143634077176	2,1771721033741
1,2167352112483	2,2459542575589
1,219107014779	2,314331650022
1,2214788183096	2,3822049888401
1,2238506218403	2,4494724191053
1,226222425371	2,5160296178504
1,2285942289017	2,5817697940489
1,2309660324324	2,646584163242
1,2333378359631	2,7103616627619
1,2357096394938	2,7729894263595
1,2380814430245	2,8343527842035
1,2404532465552	2,8943352628811
1,2428250500859	2,9528187752483
1,2451968536166	3,0096833356542
1,2475686571473	3,0648078193434
1,249940460678	3,1180693929039
1,2523122642087	3,1693442736705
1,2546840677394	3,2185072550975
1,2570558712701	3,2654320864602
1,2594276748008	3,3099921373327
1,2617994783315	3,3520598280352
1,2641712818622	3,3915073890373
1,2665430853929	3,4282070508087
1,2689148889236	3,4620302844162
1,2712866924543	3,4928489406281
1,273658495985	3,5205344905112
1,2760302995157	3,5449585949831
1,2784021030464	3,5659942439162
1,2807739065771	3,5835142373322
1,2831457101078	3,5973925143572
1,2855175136385	3,6075037735202
1,2878893171692	3,6137238524543
1,2902611206999	3,6159291583451
1,2926329242306	3,6139985664372
1,2950047277613	3,6078126606315
1,297376531292	3,597254113187
1,2997483348227	3,5822086339738
1,3021201383534	3,5625649704738
1,3044919418841	3,5382143382281
1,3068637454148	3,5090513700907
1,3092355489455	3,4749741162282
1,3116073524762	3,4358840441202
1,3139791560069	3,3916862284098
1,3163509595376	3,342289730605
1,3187227630683	3,287606839676
1,321094566599	3,2275536416074
1,3234663701297	3,1620503990994
1,3258381736604	3,0910216464934
1,3282099771911	3,0143963796227
1,3305817807218	2,9321087202894
1,3329535842525	2,844098675668
1,3353253877832	2,7503125180064
1,3376971913139	2,6507028795514
1,3400689948446	2,545229322101
1,3424407983753	2,4338582420792
1,344812601906	2,316562585759
1,3471844054367	2,1933217543382
1,3495562089674	2,0641214140878
1,3519280124981	1,9289542557554
1,3542998160288	1,787819804714
1,3566716195595	1,6407248006639
1,3590434230902	1,4876837197224
1,3614152266208	1,3287186794977
1,3637870301515	1,163859866253
1,3661588336822	0,99314510774242
1,3685306372129	0,81662044276437
1,3709024407436	0,63434009742945
1,3732742442743	0,44636684113006
1,375646047805	0,25277231877906
1,3780178513357	0,053637178366587
1,3803896548664	0,1509486057032
1,3827614583971	0,36088565547803
1,3851332619278	0,5760653259218
1,3875050654585	0,7963697790696
1,3898768689892	1,0216720285254
1,3922486725199	1,2518359750587
1,3946204760506	1,486716572724
1,3969922795813	1,7261595203538
1,399364083112	1,9700014039462
1,4017358866427	2,2180693644264
1,4041076901734	2,47018133496
1,4064794937041	2,7261458511021
1,4088512972348	2,9857620507978
1,4112231007655	3,2488197693067
1,4135949042962	3,5150996341291
1,4159667078269	3,7843734447072
1,4183385113576	4,0564038876489
1,4207103148883	4,3309447265783
1,423082118419	4,607740991987
1,4254539219497	4,8865297406365
1,4278257254804	5,1670389164539
1,4301975290111	5,4489882997856
1,4325693325418	5,7320893175467
1,4349411360725	6,0160448533704
1,4373129396032	6,3005490577568
1,4396847431339	6,5852886770282
1,4420565466646	6,8699428634783
1,4444283501953	7,1541839347754
1,446800153726	7,4376781333648
1,4491719572567	7,7200848670659
1,4515437607874	8,0010586075796
1,4539155643181	8,2802469919816
1,4562873678488	8,5572927212282
1,4586591713795	8,8318335601576
1,4610309749102	9,103501957788
1,4634027784409	9,3719258067206
1,4657745819716	9,6367284431393
1,4681463855023	9,897529406214
1,470518189033	10,153944817801
1,4728899925637	10,405587002744
1,4752617960944	10,652066387377
1,4776335996251	10,892991119828
1,4800054031558	11,127967449716
1,4823772066865	11,356600867257
1,4847490102172	11,578496482968
1,4871208137479	11,793258647961
1,4894926172786	12,000492093049
1,4918644208093	12,19980192875
1,49423622434	12,390795543786
1,4966080278707	12,57308260509
1,4989798314014	12,746274678102
1,5013516349321	12,90998598617
1,5037234384627	13,063834169958
1,5060952419934	13,207441806247
1,5084670455241	13,340436028236
1,5108388490548	13,462447006733
1,5132106525855	13,57311326598
1,5155824561162	13,672078646039
1,5179542596469	13,758993821594
1,5203260631776	13,833514783153
1,5226978667083	13,895308912267
1,525069670239	13,944050425109
1,5274414737697	13,979421131884
1,5298132773004	14,001114233838
1,5321850808311	14,008832804457
1,5345568843618	14,002289789459
1,5369286878925	13,981209525608
1,5393004914232	13,945328500114
1,5416722949539	13,894396110035
1,5440440984846	13,828176940485
1,5464159020153	13,746447727026
1,548787705546	13,648999633873
1,5511595090767	13,535636735088
1,5535313126074	13,406179052195
1,5559031161381	13,260462554178
1,5582749196688	13,098338398077
1,5606467231995	12,919674447794
1,5630185267302	12,724356033499
1,5653903302609	12,512285951627
1,5677621337916	12,283384464877
1,5701339373223	12,037588922514
1,572505740853	11,774856038577
1,5748775443837	11,495159993367
1,5772493479144	11,198495471064
1,5796211514451	10,88487614092
1,5819929549758	10,554336935466
1,5843647585065	10,20693329111
1,5867365620372	9,8427419075415
1,5891083655679	9,4618596086245
1,5914801690986	9,0644041018011
1,5938519726293	8,6505135983901
1,59622377616	8,2203475729915
1,5985955796907	7,7740867634849
1,6009673832214	7,3119339304329
1,6033391867521	6,8341138570803
1,6057109902828	6,3408725899523
1,6080827938135	5,8324783881076
1,6104545973442	5,3092213434359
1,6128264008749	4,7714137603611
1,6151982044056	4,2193880674834
1,6175700079363	3,6534994754891
1,619941811467	3,0741247431202
1,6223136149977	2,4816624619494
1,6246854185284	1,876532486829
1,6270572220591	1,2591758409665
1,6294290255898	0,63005469219358
1,6318008291205	0,01034860782098
1,6341726326512	0,66153151337102
1,6365444361819	1,3229717560071
1,6389162397126	1,9941278225001
1,6412880432433	2,6744392498127
1,643659846774	3,3633265186419
1,6460316503046	4,0601908398366
1,6484034538353	4,7644147239495
1,650775257366	5,4753621710886
1,6531470608967	6,1923799049482
1,6555188644274	6,9147985119126
1,6578906679581	7,6419339598605
1,6602624714888	8,3730877880153
1,6626342750195	9,1075469170958
1,6650060785502	9,8445849782719
1,6673778820809	10,583462313163
1,6697496856116	11,323426733241
1,6721214891423	12,063713140129
1,674493292673	12,803545044408
1,6768650962037	13,542136464124
1,6792368997344	14,278691924786
1,6816087032651	15,012406459368
1,6839805067958	15,742469785023
1,6863523103265	16,468061746667
1,6887241138572	17,188358392203
1,6910959173879	17,902528175508
1,6934677209186	18,609737272244
1,6958395244493	19,309148820464
1,69821132798	19,999923680015
1,7005831315107	20,681223470144
1,7029549350414	21,352209050697
1,7053267385721	22,012042800325
1,7076985421028	22,659887857083
1,7100703456335	23,294909637232
1,7124421491642	23,916275835243
1,7148139526949	24,523160980212
1,7171857562256	25,114747954668
1,7195575597563	25,690224956959
1,721929363287	26,24879005767
1,7243011668177	26,789647402609
1,7266729703484	27,312014806837
1,7290447738791	27,81511767944
1,7314165774098	28,298195098758
1,7337883809405	28,760501331186
1,7361601844712	29,201301274763
1,7385319880019	29,619881090803
1,7409037915326	30,015540609875
1,7432755950633	30,38759636941
1,745647398594	30,735384651311
1,7480192021247	31,05826451957
1,7503910056554	31,355611745039
1,7527628091861	31,626823361852
1,7551346127168	31,871319186227
1,7575064162475	32,088541816471
1,7598782197782	32,277961189389
1,7622500233089	32,439073061486
1,7646218268396	32,571395971351
1,7669936303703	32,674478833688
1,769365433901	32,747896382898
1,7717372374317	32,791252210692
1,7741090409624	32,804178766089
1,7764808444931	32,786337355415
1,7788526480238	32,737421179917
1,7812244515545	32,657155335761
1,7835962550852	32,545290738809
1,7859680586158	32,401620831485
1,7883398621465	32,225967913521
1,7907116656772	32,01818617957
1,7930834692079	31,778166275621
1,7954552727386	31,505835299
1,7978270762693	31,201152241954
1,8001988798	30,864111029256
1,8025706833307	30,494745074634
1,8049424868614	30,093118167928
1,8073142903921	29,659335106731
1,8096860939228	29,193535621167
1,8120578974535	28,695892855091
1,8144297009842	28,166620960108
1,8168015045149	27,605969020352
1,8191733080456	27,014219533684
1,8215451115763	26,391694486918
1,823916915107	25,738750799397
1,8262887186377	25,055785638809
1,8286605221684	24,343231864777
1,8310323256991	23,601559547674
1,8334041292298	22,831273690405
1,8357759327605	22,032912709593
1,8381477362912	21,207049954384
1,8405195398219	20,354292947061
1,8428913433526	19,475281864238
1,8452631468833	18,570691055651
1,847634950414	17,64122828476
1,8500067539447	16,687636247555
1,8523785574754	15,710689534947
1,8547503610061	14,711193873366
1,8571221645368	13,689986884162
1,8594939680675	12,647935805398
1,8618657715982	11,58593673244
1,8642375751289	10,504912339758
1,8666093786596	9,4058122606209
1,8689811821903	8,2896096697837
1,871352985721	7,1573039414058
1,8737247892517	6,0099183708402
1,8760965927824	4,8485001746253
1,8784683963131	3,6741189716735
1,8808401998438	2,4878660238791
1,8832120033745	1,2908535241979
1,8855838069052	0,084213288731732
1,8879556104359	1,130905342085
1,8903274139666	2,3533366690209
1,8926992174973	3,5819010758198
1,895071021028	4,8154065373039
1,8974428245587	6,0526492100875
1,8998146280894	7,2924146191523
1,9021864316201	8,5334793665016
1,9045582351508	9,7746113210055
1,9069300386815	11,014571137205
1,9093018422122	12,252113394416
1,9116736457429	13,485988495239
1,9140454492736	14,714942285859
1,9164172528043	15,937719853058
1,918789056335	17,153066663322
1,9211608598657	18,35973198015
1,9235326633964	19,556469623456
1,9259044669271	20,742037969572
1,9282762704577	21,915199191844
1,9306480739884	23,074723057646
1,9330198775191	24,219387687785
1,9353916810498	25,347978797094
1,9377634845805	26,459295010259
1,9401352881112	27,552154696436
1,9425070916419	28,625388375232
1,9448788951726	29,677846310721
1,9472506987033	30,708393955039
1,949622502234	31,715914985989
1,9519943057647	32,699314344654
1,9543661092954	33,657516716591
1,9567379128261	34,589469569446
1,9591097163568	35,494141634139
1,9614815198875	36,370532017708
1,9638533234182	37,217662609274
1,9662251269489	38,034585674074
1,9685969304796	38,820385372268
1,9709687340103	39,574174721321
1,973340537541	40,295100152421
1,9757123410717	40,982338472876
1,9780841446024	41,635101422524
1,9804559481331	42,252637192535
1,9828277516638	42,834224350197
1,9851995551945	43,379180951747
1,9875713587252	43,886863023564
1,9899431622559	44,356663043364
1,9923149657866	44,788008421396
1,9946867693173	45,180373650884
1,997058572848	45,533266638778
1,9994303763787	45,846239337393
2,0018021799094	46,118886225602
2,0041739834401	46,350847346454
2,0065457869708	46,541809825973
2,0089175905015	46,691500279129
2,0112893940322	46,799684809845
2,0136611975629	46,866172048601
2,0160330010936	46,890813152439
2,0184048046243	46,873498767348
2,020776608155	46,814171178707
2,0231484116857	46,712819754878
2,0255202152164	46,569482466005
2,0278920187471	46,384241327595
2,0302638222778	46,157220881718
2,0326356258085	45,888586678194
2,0350074293392	45,578545274601
2,0373792328699	45,227350311492
2,0397510364006	44,835304031204
2,0421228399313	44,402751202633
2,044494643462	43,930082158846
2,0468664469927	43,41772672186
2,0492382505234	42,866155721443
2,0516100540541	42,275880995121
2,0539818575848	41,647450831753
2,0563536611155	40,981460603177
2,0587254646462	40,278546688987
2,0610972681769	39,539389514143
2,0634690717076	38,764702917328
2,0658408752383	37,955244782594
2,068212678769	37,11179729488
2,0705844822997	36,235180609264
2,0729562858304	35,326249813361
2,0753280893611	34,385893408512
2,0776998928918	33,415039385008
2,0800716964224	32,414646109253
2,0824434999531	31,385708398985
2,0848153034838	30,329243854032
2,0871871070145	29,246295893917
2,0895589105452	28,137933757859
2,0919307140759	27,005250985967
2,0943025176066	25,849368456855
2,0966743211373	24,671432868834
2,099046124668	23,472616739915
2,1014179281987	22,254113091982
2,1037897317294	21,017133172587
2,1061615352601	19,76290493615
2,1085333387908	18,492666968724
2,1109051423215	17,207671525616
2,1132769458522	15,909182253177
2,1156487493829	14,598477226416
2,1180205529136	13,276850467795
2,1203923564443	11,945607390819
2,122764159975	10,606061382725
2,1251359635057	9,2595315262758
2,1275077670364	7,9073391824439
2,1298795705671	6,550806471602
2,1322513740978	5,1912558938228
2,1346231776285	3,8300095694699
2,1369949811592	2,4683892391945
2,1393667846899	1,1077155994693
2,1417385882206	0,25069528086876
2,1441103917513	1,6055320790326
2,146482195282	2,9554914936739
2,1488539988127	4,2992802854657
2,1512258023434	5,6356161078115
2,1535976058741	6,9632294289954
2,1559694094048	8,2808647662185
2,1583412129355	9,5872799262472
2,1607130164662	10,881246954676
2,1630848199969	12,161553464855
2,1654566235276	13,427004156686
2,1678284270583	14,67642385425
2,170200230589	15,908657505804
2,1725720341197	17,122575119897
2,1749438376504	18,317074043586
2,1773156411811	19,491077443624
2,1796874447118	20,643533547054
2,1820592482425	21,773413363006
2,1844310517732	22,879714479717
2,1868028553039	23,961458026905
2,1891746588346	25,017696269805
2,1915464623653	26,047516406185
2,193918265896	27,050039047544
2,1962900694267	28,024419737907
2,1986618729574	28,969847435021
2,2010336764881	29,88554451036
2,2034054800188	30,770766749129
2,2057772835495	31,624801831452
2,2081490870802	32,446970851179
2,2105208906109	33,236632872298
2,2128926941416	33,993183410132
2,2152644976723	34,716058987763
2,217636301203	35,404735617221
2,2200081047337	36,058727280681
2,2223799082644	36,67758744927
2,2247517117951	37,260904526639
2,2271235153258	37,808309443
2,2294953188565	38,319471098703
2,2318671223872	38,79409788305
2,2342389259179	39,231940711906
2,2366107294486	39,632788471279
2,2389825329793	39,996469536125
2,24135433651	40,32284873274
2,2437261400406	40,611828857556
2,2460979435713	40,863350677147
2,248469747102	41,077395965846
2,2508415506327	41,253990543351
2,2532133541634	41,393199718306
2,2555851576941	41,495134363525
2,2579569612248	41,559938765552
2,2603287647555	41,58779366227
2,2627005682862	41,578910167675
2,2650723718169	41,533537365899
2,2674441753476	41,451957754802
2,2698159788783	41,334490283584
2,272187782409	41,181488833978
2,2745595859397	40,993346776662
2,2769313894704	40,770490896041
2,2793031930011	40,513381390249
2,2816749965318	40,222508833527
2,2840468000625	39,898392657419
2,2864186035932	39,541585707206
2,2887904071239	39,152674241902
2,2911622106546	38,732270340209
2,2935340141853	38,281008862905
2,295905817716	37,799556565694
2,2982776212467	37,288599948762
2,3006494247774	36,748857407214
2,3030212283081	36,181070118233
2,3053930318388	35,586003559894
2,3077648353695	34,964445992361
2,3101366389002	34,317199345054
2,3125084424309	33,645088329473
2,3148802459616	32,94895284517
2,3172520494923	32,229655573786
2,319623853023	31,488080460249
2,3219956565537	30,72512967516
2,3243674600844	29,941714501938
2,3267392636151	29,138753818028
2,3291110671458	28,317181688943
2,3314828706765	27,477936736623
2,3338546742072	26,621969733443
2,3362264777379	25,75024663982
2,3385982812686	24,863740250812
2,3409700847993	23,963429436714
2,34334188833	23,050296864828
2,3457136918607	22,125327480647
2,3480854953914	21,189510026667
2,3504572989221	20,24383476421
2,3528291024528	19,289297270435
2,3552009059835	18,326892363099
2,3575727095142	17,357612581723
2,3599445130449	16,382444390599
2,3623163165756	15,402370457027
2,3646881201063	14,418365854295
2,367059923637	13,431398061634
2,3694317271677	12,442431900338
2,3718035306984	11,452425736813
2,3741753342291	10,462331482583
2,3765471377598	9,4730930753987
2,3789189412905	8,4856442010169
2,3812907448212	7,5009060150911
2,3836625483519	6,5197852446709
2,3860343518826	5,5431745678342
2,3884061554133	4,57194995575
2,390777958944	3,6069731407895
2,3931497624747	2,6490917114789
2,3955215660054	1,6991388276975
2,3978933695361	0,75793163067848
2,4002651730668	0,17372997975083
2,4026369765975	1,0950659413384
2,4050087801282	2,0053181931219
2,4073805836588	2,9037495800824
2,4097523871895	3,7896442700765
2,4121241907202	4,6623063653227
2,4144959942509	5,5210603769949
2,4168677977816	6,3652507505692
2,4192396013123	7,1942443339014
2,421611404843	8,0074315163518
2,4239832083737	8,8042254693728
2,4263550119044	9,5840623363468
2,4287268154351	10,346400663037
2,4310986189658	11,090721777293
2,4334704224965	11,816530928153
2,4358422260272	12,523359184356
2,4382140295579	13,21076647195
2,4405858330886	13,878340814882
2,4429576366193	14,525698335005
2,44532944015	15,15247831597
2,4477012436807	15,758344342313
2,4500730472114	16,342980502438
2,4524448507421	16,906092907439
2,4548166542728	17,447413488117
2,4571884578035	17,966700754363
2,4595602613342	18,463739795165
2,4619320648649	18,938343797424
2,4643038683956	19,390354045947
2,4666756719263	19,819633848219
2,469047475457	20,22607233142
2,4714192789877	20,6095776078
2,4737910825184	20,970082849908
2,4761628860491	21,307546290595
2,4785346895798	21,621951982401
2,4809064931105	21,913309038148
2,4832782966412	22,181650871563
2,4856501001719	22,427029881465
2,4880219037026	22,649519729929
2,4903937072333	22,849213064077
2,492765510764	23,026226831939
2,4951373142947	23,180701523066
2,4975091178254	23,312800409086
2,4998809213561	23,422710303094
2,5022527248868	23,510637003257
2,5046245284175	23,576799976997
2,5069963319482	23,621436917407
2,5093681354789	23,644797668027
2,5117399390096	23,64715105747
2,5141117425403	23,628784899421
2,516483546071	23,590006752037
2,5188553496017	23,531147714962
2,5212271531324	23,452551797685
2,5235989566631	23,354578197757
2,5259707601938	23,237597503771
2,5283425637245	23,101990176556
2,5307143672552	22,948147308583
2,5330861707859	22,776472142775
2,5354579743166	22,587383110104
2,5378297778473	22,381310791983
2,540201581378	22,158697920275
2,5425733849087	21,920000136694
2,5449451884394	21,665679158179
2,5473169919701	21,3962050551
2,5496887955008	21,112055491849
2,5520605990315	20,81371117043
2,5544324025622	20,501661146286
2,5568042060929	20,176398271872
2,5591760096236	19,838425271873
2,5615478131543	19,488248667989
2,563919616685	19,126381057154
2,5662914202157	18,75334035212
2,5686632237464	18,369644465628
2,571035027277	17,975817385642
2,5734068308077	17,572380821929
2,5757786343384	17,159861040673
2,5781504378691	16,738780511035
2,5805222413998	16,309665499187
2,5828940449305	15,873035436682
2,5852658484612	15,429409755078
2,5876376519919	14,97930712653
2,5900094555226	14,523243185577
2,5923812590533	14,06173356675
2,594753062584	13,595295423386
2,5971248661147	13,124447427637
2,5994966696454	12,649702935844
2,6018684731761	12,17156695091
2,6042402767068	11,690533464386
2,6066120802375	11,207087354984
2,6089838837682	10,721706287099
2,6113556872989	10,234863748418
2,6137274908296	9,7470317078216
2,6160992943603	9,2586802356804
2,618471097891	8,7702729474362
2,6208429014217	8,2822658644956
2,6232147049524	7,7951036172207
2,6255865084831	7,309218685537
2,6279583120138	6,8250336771433
2,6303301155445	6,34296227676
2,6327019190752	5,8634113344672
2,6350737226059	5,3867801062985
2,6374455261366	4,9134581659025
2,6398173296673	4,4438242654588
2,642189133198	3,9782476646272
2,6445609367287	3,5170847132005
2,6469327402594	3,060681129311
2,6493045437901	2,6093713349903
2,6516763473208	2,1634790257257
2,6540481508515	1,7233183095154
2,6564199543822	1,289194466275
2,6587917579129	0,86140409035002
2,6611635614436	0,44023399901479
2,6635353649743	0,025958467397154
2,665907168505	0,38116314801565
2,6682789720357	0,78088802296898
2,6706507755664	1,1729888853106
2,6730225790971	1,557251428821
2,6753943826278	1,933470139926
2,6777661861585	2,3014448684784
2,6801379896892	2,6609805429221
2,6825097932199	3,0118890212577
2,6848815967506	3,3539942169781
2,6872534002813	3,687136655469
2,689625203812	4,0111761319206
2,6919970073427	4,3259901925762
2,6943688108734	4,63147005301
2,6967406144041	4,9275152822731
2,6991124179348	5,2140301956128
2,7014842214655	5,4909227153576
2,7038560249962	5,7581070289513
2,7062278285269	6,0155079555624
2,7085996320576	6,263064742998
2,7109714355883	6,5007341052688
2,713343239119	6,7284888937016
2,7157150426497	6,9463137304009
2,7180868461804	7,1542006416439
2,7204586497111	7,3521458304137
2,7228304532418	7,5401496764135
2,7252022567725	7,7182201533685
2,7275740603032	7,8863754869393
2,7299458638339	8,0446456735443
2,7323176673645	8,1930736194528
2,7346894708952	8,3317121031624
2,7370612744259	8,4606230160031
2,7394330779566	8,5798750839319
2,7418048814873	8,6895431081293
2,744176685018	8,7897094838059
2,7465484885487	8,8804619219899
2,7489202920794	8,9618938292265
2,7512920956101	9,0341065857997
2,7536638991408	9,0972053690163
2,7560357026715	9,1513040893071
2,7584075062022	9,1965231120121
2,7607793097329	9,23299153561
2,7631511132636	9,2608460526244
2,7655229167943	9,2802298104985
2,767894720325	9,2912912724827
2,7702665238557	9,2941826988468
2,7726383273864	9,2890578686779
2,7750101309171	9,2760713204616
2,7773819344478	9,2553802505823
2,7797537379785	9,2271448930347
2,7821255415092	9,1915330758487
2,7844973450399	9,1487213601923
2,7868691485706	9,0988935215627
2,7892409521013	9,0422367527659
2,791612755632	8,9789378668981
2,7939845591627	8,9091810191484
2,7963563626934	8,8331477068037
2,7987281662241	8,751020566252
2,8010999697548	8,6629860308872
2,8034717732855	8,5692350905282
2,8058435768162	8,4699644305242
2,8082153803469	8,3653730144224
2,8105871838776	8,2556624636695
2,8129589874083	8,1410343997231
2,815330790939	8,0216881658446
2,8177025944697	7,8978219661783
2,8200743980004	7,7696324860522
2,8224462015311	7,6373137529009
2,8248180050618	7,5010597941677
2,8271898085925	7,3610653966739
2,8295616121232	7,2175261066326
2,8319334156539	7,0706397484985
2,8343052191846	6,920603007635
2,8366770227153	6,7676121896758
2,839048826246	6,6118617017345
2,8414206297767	6,4535440524408
2,8437924333074	6,2928509910226
2,8461642368381	6,1299729377357
2,8485360403688	5,9650967056876
2,8509078438995	5,7984041718835
2,8532796474302	5,6300720873214
2,8556514509609	5,4602743552106
2,8580232544916	5,2891843092652
2,8603950580223	5,1169781310105
2,862766861553	4,9438331410268
2,8651386650837	4,7699255207091
2,8675104686144	4,595427084911
2,8698822721451	4,4205033834926
2,8722540756758	4,2453123722991
2,8746258792065	4,0700065014622
2,8769976827372	3,8947359428753
2,8793694862679	3,7196493496145
2,8817412897986	3,5448955646104
2,8841130933293	3,3706228612842
2,88648489686	3,1969764755126
2,8888567003907	3,0240971816315
2,8912285039214	2,852120058309
2,8936003074521	2,6811743937949
2,8959721109827	2,5113845404424
2,8983439145134	2,3428719079184
2,9007157180441	2,1757552477066
2,9030875215748	2,0101506533365
2,9054593251055	1,8461698520595
2,9078311286362	1,6839194452513
2,9102029321669	1,523502094647
2,9125747356976	1,3650183260116
2,9149465392283	1,2085674312339
2,917318342759	1,0542475158065
2,9196901462897	0,9021528881592
2,9220619498204	0,75237171016941
2,9244337533511	0,60498426488692
2,9268055568818	0,46006428559511
2,9291773604125	0,31768137634838
2,9315491639432	0,17790327818497
2,9339209674739	0,040796575460895
2,9362927710046	0,093574252021406
2,9386645745353	0,22514875551206
2,941036378066	0,35387139560622
2,9434081815967	0,47969117084742
2,9457799851274	0,60256044065504
2,9481517886581	0,72243400861114
2,9505235921888	0,83926930068247
2,9528953957195	0,95302756360805
2,9552671992502	1,0636745530031
2,9576390027809	1,1711807945525
2,9600108063116	1,2755203737239
2,9623826098423	1,3766698913769
2,964754413373	1,4746077993504
2,9671262169037	1,5693146854661
2,9694980204344	1,660774365043
2,9718698239651	1,7489747350197
2,9742416274958	1,8339088183237
2,9766134310265	1,9155738622443
2,9789852345572	1,993970151596
2,9813570380879	2,0691004390433
2,9837288416186	2,1409691860361
2,9861006451493	2,2095823730671
2,98847244868	2,274947973928
2,9908442522107	2,3370758606648
2,9932160557414	2,3959781836254
2,9955878592721	2,4516690868264
2,9979596628028	2,5041648026151
3,0003314663335	2,5534847906289
3,0027032698642	2,5996530668982
3,0050750733949	2,6426986785843
3,0074468769256	2,6826548496104
3,0098186804563	2,7195570820931
3,012190483987	2,7534404984104
3,0145622875177	2,7843376579197
3,0169340910484	2,8122786519235
3,0193058945791	2,8372933819232
3,0216776981098	2,8594150718479
3,0240495016405	2,8786830208238
3,0264213051712	2,8951431726718
3,0287931087019	2,9088460276152
3,0311649122326	2,9198432250842
3,0335367157633	2,9281846009793
3,035908519294	2,9339174281133
3,0382803228247	2,9370874604135
3,0406521263554	2,9377405468161
3,0430239298861	2,9359248145648
3,0453957334168	2,9316916183142
3,0477675369475	2,9250959197791
3,0501393404782	2,9161953385956
3,0525111440089	2,9050484437515
3,0548829475396	2,8917131397785
3,0572547510703	2,8762452427646
3,0596265546009	2,8586981956139
3,0619983581316	2,8391246819084
3,0643701616623	2,8175790939647
3,066741965193	2,7941193362665
3,0691137687237	2,7688072051188
3,0714855722544	2,7417079141855
3,0738573757851	2,7128870569759
3,0762291793158	2,68240766401
3,0786009828465	2,6503291585075
3,0809727863772	2,6167075463414
3,0833445899079	2,5815976943924
3,0857163934386	2,5450558934774
3,0880881969693	2,5071415668714
3,0904600005	2,4679169855476
3,0928318040307	2,4274456545514
3,0952036075614	2,3857892753985
3,0975754110921	2,3430069866061
3,0999472146228	2,2991547941217
3,1023190181535	2,2542881343424
3,1046908216842	2,2084638675778
3,1070626252149	2,1617416069681
3,1094344287456	2,1141833387262
3,1118062322763	2,0658507642871
3,114178035807	2,0168028323507
3,1165498393377	1,9670941250774
3,1189216428684	1,9167759970515
3,1212934463991	1,8658982839863
3,1236652499298	1,8145117709418
3,1260370534605	1,7626691415691
3,1284088569912	1,7104245982801
3,1307806605219	1,657832912977
3,1331524640526	1,6049478133869
3,1355242675833	1,5518213186071
3,137896071114	1,4985035492356
3,1402678746447	1,4450428697383
3,1426396781754	1,3914860783075
3,1450114817061	1,3378785018276
3,1473832852368	1,2842642806149
3,1497550887675	1,2306866531027
3,1521268922982	1,1771883356441
3,1544986958289	1,1238116650745
3,1568704993596	1,0705986934336
3,1592423028903	1,0175912826234
3,161614106421	0,96483063006578
3,1639859099517	0,91235674699836
3,1663577134824	0,86020812593249
3,1687295170131	0,80842174014088
3,1711013205438	0,75703358967081
3,1734731240745	0,70607901049026
3,1758449276052	0,65559229484825
3,1782167311359	0,60560595492783
3,1805885346666	0,55614984437923
3,1829603381973	0,50725149106274
3,185332141728	0,45893676222153
3,1877039452587	0,41123169165816
3,1900757487894	0,36416384354962
3,1924475523201	0,31776228846469
3,1948193558508	0,27205625118592
3,1971911593815	0,22707247699326
3,1995629629122	0,18283350506096
3,2019347664429	0,1393577333231
3,2043065699736	0,09666149482425
3,2066783735043	0,054761846324992
3,209050177035	0,013678052572483
3,2114219805657	0,026569287482519
3,2137937840964	0,065960890170849
3,2161655876271	0,10448129204294
3,2185373911578	0,14211919604564
3,2209091946885	0,17886550708697
3,2232809982191	0,2147103002145
3,2256528017498	0,24964099245609
3,2280246052805	0,28364307772173
3,2303964088112	0,31670296910966
3,2327682123419	0,34881117403652
3,2351400158726	0,37996357572129
3,2375118194033	0,41015974726248
3,239883622934	0,43939924919741
3,2422554264647	0,46767810615245
3,2446272299954	0,49498805986211
3,2469990335261	0,521319119824
3,2493708370568	0,54666416654774
3,2517426405875	0,57102284371613
3,2541144441182	0,59440219955389
3,2564862476489	0,61681326943622
3,2588580511796	0,63826537978224
3,2612298547103	0,65876128315231
3,263601658241	0,67829623325382
3,2659734617717	0,69686161582395
3,2683452653024	0,71445118956074
3,2707170688331	0,73106652061543
3,2730888723638	0,74671833551618
3,2754606758945	0,76142376834348
3,2778324794252	0,77520087871849
3,2802042829559	0,78806376304841
3,2825760864866	0,80002065596572
3,2849478900173	0,81107537814543
3,287319693548	0,82123068257413
3,2896914970787	0,83049183774978
3,2920633006094	0,83886781403915
3,2944351041401	0,84637095158001
3,2968069076708	0,85301539423676
3,2991787112015	0,85881542841476
3,3015505147322	0,86378496077411
3,3039223182629	0,86793742317474
3,3062941217936	0,87128629489123
3,3086659253243	0,8738451027645
3,311037728855	0,87562775341047
3,3134095323857	0,87664796361961
3,3157813359164	0,87691930777051
3,3181531394471	0,8764557398172
3,3205249429778	0,87527259011223
3,3228967465085	0,87338675546108
3,3252685500392	0,87081669894387
3,3276403535699	0,86758135804856
3,3300121571006	0,86369876850484
3,3323839606313	0,85918539998155
3,334755764162	0,85405620326879
3,3371275676927	0,8483255120071
3,3394993712234	0,84200818204883
3,3418711747541	0,83512025584622
3,3442429782848	0,82767915209405
3,3466147818155	0,81970352354901
3,3489865853462	0,81121264018871
3,3513583888769	0,8022260092567
3,3537301924076	0,79276301914122
3,3561019959383	0,78284246496442
3,358473799469	0,77248202665133
3,3608456029997	0,7616978653739
3,3632174065304	0,75050519292674
3,3655892100611	0,73891943455388
3,3679610135918	0,72695746312876
3,3703328171225	0,71463816884744
3,3727046206532	0,70198198454549
3,3750764241839	0,68900939041031
3,3774482277146	0,67573906288448
3,3798200312453	0,66218673575631
3,382191834776	0,64836572236815
3,3845636383067	0,63428888520341
3,3869354418373	0,61997131741583
3,389307245368	0,60543179045532
3,3916790488987	0,59069206588663
3,3940508524294	0,57577404767285
3,3964226559601	0,56069662598214
3,3987944594908	0,54547399225151
3,4011662630215	0,53011644595659
3,4035380665522	0,51463309991497
3,4059098700829	0,49903487043945
3,4082816736136	0,48333625728824
3,4106534771443	0,46755527259164
3,413025280675	0,45171196948523
3,4153970842057	0,43582644849196
3,4177688877364	0,41991679274835
3,4201406912671	0,40399778662101
3,4225124947978	0,38808044144693
3,4248842983285	0,37217292117861
3,4272561018592	0,35628249964481
3,4296279053899	0,34041788584892
3,4319997089206	0,32459086225814
3,4343715124513	0,30881636830527
3,436743315982	0,29311112274202
3,4391151195127	0,27749141631511
3,4414869230434	0,26197119126399
3,4438587265741	0,24656090231006
3,4462305301048	0,23126792977875
3,4486023336355	0,21609803906658
3,4509741371662	0,20105761375174
3,4533459406969	0,18615542979964
3,4557177442276	0,17140301538565
3,4580895477583	0,15681333298972
3,460461351289	0,14239869816391
3,4628331548197	0,12816899490921
3,4652049583504	0,11413110015317
3,4675767618811	0,10028967790466
3,4699485654118	0,08664876244543
3,4723203689425	0,073213354149255
3,4746921724732	0,059990203881657
3,4770639760039	0,046987474810026
3,4794357795346	0,034213587231005
3,4818075830653	0,021675989067297
3,484179386596	0,0093805506753061
3,4865511901267	0,0026681067565957
3,4889229936574	0,014465617145437
3,4912947971881	0,026007124966002
3,4936666007188	0,037287250667987
3,4960384042495	0,048301163164989
3,4984102077802	0,059045971843878
3,5007820113109	0,069521284689774
3,5031538148416	0,079728121904963
3,5055256183723	0,089666593279533
3,507897421903	0,099333803567022
3,5102692254337	0,10872341044568
3,5126410289644	0,1178274343433
3,5150128324951	0,12663931370579
3,5173846360258	0,13515658036392
3,5197564395565	0,14338158951741
3,5221282430872	0,15131977575079
3,5245000466179	0,15897631854287
3,5268718501486	0,16635291464095
3,5292436536793	0,17344665690109
3,53161545721	0,18025168368046
3,5339872607407	0,18676276222541
3,5363590642714	0,19297873567549
3,5387308678021	0,19890365027854
3,5411026713328	0,2045447440176
3,5434744748635	0,20990840635713
3,5458462783942	0,21499663071609
3,5482180819248	0,2198065340818
3,5505898854555	0,22433322801508
3,5529616889862	0,22857437456278
3,5553334925169	0,23253315328389
3,5577052960476	0,23621779934453
3,5600770995783	0,23963792450171
3,562448903109	0,24280010201637
3,5648207066397	0,24570561281259
3,5671925101704	0,24835149071059
3,5695643137011	0,25073414090343
3,5719361172318	0,25285311236757
3,5743079207625	0,25471307982559
3,5766797242932	0,25632283575209
3,5790515278239	0,25769230004562
3,5814233313546	0,25882925665839
3,5837951348853	0,25973754999277
3,586166938416	0,26041757153618
3,5885387419467	0,26086855003925
3,5909105454774	0,26109119745653
3,5932823490081	0,26108937012018
3,5956541525388	0,26086993834369
3,5980259560695	0,26044136234094
