CST XY Data Exchange Format V2

Title    = Probe Value
Xlabel   = Time / ns
Ylabel   = Magnetic Field / A/m

Curvelabel          = H-Field (Y; 25 -10 25) [pw]
Filename            = ^H-Field (Y; 25 -10 25)(pw).sig
Npoints             = 1518
Type                = 8
Subtype             = 7
Result type         = real:cartesian
View type           = Cartesian
Plot type           = Real
Data/Title          = Probe Value
X/Label             = Time
X/Unit              = ns
Y/Label             = Magnetic Field
Y/Unit              = A/m
Y/Logfactor         = 20
Plot/wrapHeuristics = 0

0	0
0,0023718035306984	0
0,0047436070613968	0
0,0071154105920951	0
0,0094872141227935	0
0,011859017653492	0
0,01423082118419	0
0,016602624714889	0
0,018974428245587	0
0,021346231776285	0
0,023718035306984	0
0,026089838837682	0
0,028461642368381	0
0,030833445899079	0
0,033205249429777	0
0,035577052960476	0
0,037948856491174	0
0,040320660021872	0
0,042692463552571	0
0,045064267083269	0
0,047436070613968	0
0,049807874144666	0
0,052179677675364	0
0,054551481206063	0
0,056923284736761	0
0,059295088267459	0
0,061666891798158	0
0,064038695328856	0
0,066410498859555	0
0,068782302390253	0
0,071154105920951	0
0,07352590945165	0
0,075897712982348	0
0,078269516513047	4,3243497773578e-40
0,080641320043745	1,9600737928913e-38
0,083013123574443	4,4781288753618e-37
0,085384927105142	6,8759559774757e-36
0,08775673063584	7,9823739572492e-35
0,090128534166538	7,4733688455837e-34
0,092500337697237	5,8776824476985e-33
0,094872141227935	3,9941423632547e-32
0,097243944758634	2,3939151178212e-31
0,099615748289332	1,2855352356581e-30
0,10198755182003	6,2621684669752e-30
0,10435935535073	2,794955668746e-29
0,10673115888143	1,1524343649905e-28
0,10910296241213	4,4202952079191e-28
0,11147476594282	1,5864756089152e-27
0,11384656947352	5,3550020121242e-27
0,11621837300422	1,7074173803117e-26
0,11859017653492	5,1623700320485e-26
0,12096198006562	1,4851474790631e-25
0,12333378359632	4,0777479440909e-25
0,12570558712701	1,0714799141068e-24
0,12807739065771	2,7010136835584e-24
0,13044919418841	6,5465846684259e-24
0,13282099771911	1,5287203791811e-23
0,13519280124981	3,4456554036567e-23
0,13756460478051	7,5090707650722e-23
0,1399364083112	1,5847244478394e-22
0,1423082118419	3,2434450188875e-22
0,1446800153726	6,4466223528224e-22
0,1470518189033	1,2458875022152e-21
0,149423622434	2,3440068292202e-21
0,1517954259647	4,2978724823852e-21
0,15416722949539	7,6880429909041e-21
0,15653903302609	1,342991051709e-20
0,15891083655679	2,2931360697314e-20
0,16128264008749	3,8306262617836e-20
0,16365444361819	6,2655301025141e-20
0,16602624714889	1,004249333003e-19
0,16839805067958	1,5785290860113e-19
0,17076985421028	2,4350519607881e-19
0,17314165774098	3,6890301509565e-19
0,17551346127168	5,49231339906e-19
0,17788526480238	8,0411187328155e-19
0,18025706833308	1,1584129218632e-18
0,18262887186378	1,6430578359628e-18
0,18500067539447	2,2957847406249e-18
0,18737247892517	3,1618002680158e-18
0,18974428245587	4,2942645453723e-18
0,19211608598657	5,7545383152098e-18
0,19448788951727	7,6121250246012e-18
0,19685969304797	9,9442458611375e-18
0,19923149657866	1,2834982199277e-17
0,20160330010936	1,6373948227493e-17
0,20397510364006	2,0654453602422e-17
0,20634690717076	2,5771146113358e-17
0,20871871070146	3,1817166400674e-17
0,21109051423216	3,8880799683792e-17
0,21346231776285	4,704172304954e-17
0,21583412129355	5,6366937610549e-17
0,21820592482425	6,6906481874367e-17
0,22057772835495	7,8689073096168e-17
0,22294953188565	-2,9700530611502e-17
0,22532133541635	-1,9757942702071e-16
0,22769313894704	-1,2146077595713e-16
0,23006494247774	1,3785134335465e-16
0,23243674600844	3,3738788776967e-16
0,23480854953914	5,3768785650737e-16
0,23718035306984	5,5641615935908e-16
0,23955215660054	2,1120267377645e-16
0,24192396013123	-1,339709609326e-16
0,24429576366193	-1,1514885424846e-16
0,24666756719263	1,4593268287234e-16
0,24903937072333	4,0610898310246e-16
0,25141117425403	1,0293074325244e-15
0,25378297778473	1,4081188896211e-15
0,25615478131542	2,0279226280662e-15
0,25852658484612	3,3741321225568e-15
0,26089838837682	4,2323482681766e-15
0,26327019190752	4,116737710248e-15
0,26564199543822	3,1486227440435e-15
0,26801379896892	1,2065568549235e-15
0,27038560249962	4,7611275515108e-16
0,27275740603031	-4,9962196310981e-16
0,27512920956101	-1,720479068073e-15
0,27750101309171	-1,7292198427993e-15
0,27987281662241	-1,3755217475048e-15
0,28224462015311	-5,3769891518837e-16
0,28461642368381	-5,5109019113544e-16
0,2869882272145	5,2723904883857e-16
0,2893600307452	1,119048371538e-15
0,2917318342759	-2,3253945791282e-16
0,2941036378066	-3,4060256011511e-15
0,2964754413373	-6,8229570972596e-15
0,298847244868	-9,8762918195891e-15
0,30121904839869	-9,6520926448114e-15
0,30359085192939	-6,0290869018733e-15
0,30596265546009	-3,4304624435699e-16
0,30833445899079	5,6452891492759e-15
0,31070626252149	1,0205549382309e-14
0,31307806605219	1,163775256537e-14
0,31544986958288	9,8052275440408e-15
0,31782167311358	7,1211506828206e-15
0,32019347664428	3,9384479585542e-15
0,32256528017498	7,9224635045665e-16
0,32493708370568	-2,0478562010543e-15
0,32730888723638	-4,5398495421121e-15
0,32968069076707	-5,6665172111707e-15
0,33205249429777	-6,7327172777603e-15
0,33442429782847	-7,7380256213586e-15
0,33679610135917	-6,1929339528347e-15
0,33916790488987	-6,4002313888593e-16
0,34153970842057	7,5854181205454e-15
0,34391151195127	1,6055190163932e-14
0,34628331548196	2,4526412059511e-14
0,34865511901266	2,9356207156543e-14
0,35102692254336	2,7994131098373e-14
0,35339872607406	2,0439165137011e-14
0,35577052960476	1,0453912571764e-14
0,35814233313546	-5,0625779685564e-16
0,36051413666615	-9,0434477513973e-15
0,36288594019685	-1,394528449841e-14
0,36525774372755	-1,472769185927e-14
0,36762954725825	-1,3334529169158e-14
0,37000135078895	-1,0494839915028e-14
0,37237315431965	-7,1797292879119e-15
0,37474495785034	-3,3881213582697e-15
0,37711676138104	3,9617371655829e-16
0,37948856491174	4,6613251272906e-15
0,38186036844244	7,953186541309e-15
0,38423217197314	8,331997641684e-15
0,38660397550384	9,6857981722424e-15
0,38897577903453	9,1025909211765e-15
0,39134758256523	4,1551948436351e-15
0,39371938609593	-4,6705329412187e-15
0,39609118962663	-1,2518696873249e-14
0,39846299315733	-1,5505666837338e-14
0,40083479668803	-1,4605248257191e-14
0,40320660021872	-1,079164299606e-14
0,40557840374942	-6,0104517449352e-15
0,40795020728012	-1,2356330469277e-15
0,41032201081082	5,473493791463e-15
0,41269381434152	1,0230349082909e-14
0,41506561787222	8,1779569098388e-15
0,41743742140291	-6,5110447310234e-15
0,41980922493361	-2,7035642546222e-14
0,42218102846431	-4,173742844874e-14
0,42455283199501	-5,3527821911048e-14
0,42692463552571	-5,5604699144757e-14
0,42929643905641	-4,6022922804094e-14
0,43166824258711	-2,6723262095848e-14
0,4340400461178	-9,3606848496356e-15
0,4364118496485	-1,1419074858043e-14
0,4387836531792	-2,5128120216411e-14
0,4411554567099	-3,6890161011051e-14
0,4435272602406	-5,6420428219279e-14
0,4458990637713	-7,4007509695277e-14
0,44827086730199	-7,411193746905e-14
0,45064267083269	-4,8964771869021e-14
0,45301447436339	3,3753572583145e-15
0,45538627789409	7,9022442143268e-14
0,45775808142479	1,5466437139013e-13
0,46012988495549	1,8756296322985e-13
0,46250168848618	1,7577744373409e-13
0,46487349201688	1,503934867153e-13
0,46724529554758	1,0170055025476e-13
0,46961709907828	7,2440888880938e-14
0,47198890260898	4,9018293945356e-14
0,47436070613968	3,3377479800095e-14
0,47673250967037	5,8545425718976e-14
0,47910431320107	1,2063698411412e-13
0,48147611673177	1,9828191749963e-13
0,48384792026247	2,9147903308106e-13
0,48621972379317	3,8079992105947e-13
0,48859152732387	4,079623638324e-13
0,49096333085456	3,5353842115163e-13
0,49333513438526	2,1752769154341e-13
0,49570693791596	3,8784303846655e-14
0,49807874144666	-9,7212367436625e-14
0,50045054497736	-1,4189377252169e-13
0,50282234850806	-1,7550791351916e-14
0,50519415203875	1,6508421651514e-13
0,50756595556945	3,3024711092304e-13
0,50993775910015	4,2548567154928e-13
0,51230956263085	4,3331576742317e-13
0,51468136616155	3,4013835087671e-13
0,51705316969225	2,1977555633372e-13
0,51942497322294	1,227373924922e-13
0,52179677675364	1,364455922106e-13
0,52416858028434	3,1335413716018e-13
0,52654038381504	5,874134810574e-13
0,52891218734574	8,3623668787739e-13
0,53128399087644	9,3743730547939e-13
0,53365579440713	8,7353446862822e-13
0,53602759793783	6,6784350776904e-13
0,53839940146853	3,2425200257279e-13
0,54077120499923	-2,707842216029e-14
0,54314300852993	-2,1324806785099e-13
0,54551481206063	-2,4591436289347e-13
0,54788661559132	-1,6004794824523e-13
0,55025841912202	-6,1614807237507e-15
0,55263022265272	1,5454761620821e-13
0,55500202618342	2,6136823094218e-13
0,55737382971412	3,0118650874383e-13
0,55974563324482	3,0775780624456e-13
0,56211743677551	3,2418862858242e-13
0,56448924030621	3,3044969156035e-13
0,56686104383691	3,475523475559e-13
0,56923284736761	3,8752321115893e-13
0,57160465089831	4,1345630904908e-13
0,57397645442901	3,8018708717671e-13
0,5763482579597	3,1297076171358e-13
0,5787200614904	2,6717116458226e-13
0,5810918650211	2,3889727123875e-13
0,5834636685518	2,9807887913162e-13
0,5858354720825	4,116828891343e-13
0,5882072756132	5,5250578348051e-13
0,59057907914389	6,1952448955284e-13
0,59295088267459	6,6713518715077e-13
0,59532268620529	6,6814469570803e-13
0,59769448973599	6,0701931468543e-13
0,60006629326669	4,8765448919598e-13
0,60243809679739	3,7999800165277e-13
0,60480990032808	3,9673596177546e-13
0,60718170385878	5,1456326878211e-13
0,60955350738948	6,7131703480922e-13
0,61192531092018	7,5820499332555e-13
0,61429711445088	7,3636703702778e-13
0,61666891798158	5,5916803932229e-13
0,61904072151227	2,6544854723203e-13
0,62141252504297	-2,8244075027601e-14
0,62378432857367	-2,3644433136445e-13
0,62615613210437	-3,1253719853253e-13
0,62852793563507	-2,0213170956502e-13
0,63089973916577	1,7066011483299e-14
0,63327154269646	2,2073131723919e-13
0,63564334622716	3,4671088207349e-13
0,63801514975786	3,3285445704541e-13
0,64038695328856	2,2580305708337e-13
0,64275875681926	1,3436133190354e-13
0,64513056034996	1,1913038691316e-14
0,64750236388065	-1,6666585288436e-15
0,64987416741135	3,144905690584e-14
0,65224597094205	1,1124569819087e-13
0,65461777447275	3,154108913726e-13
0,65698957800345	5,1958924008773e-13
0,65936138153415	7,7038314565312e-13
0,66173318506484	8,9681721412618e-13
0,66410498859554	7,7454734496322e-13
0,66647679212624	6,8331806594331e-13
0,66884859565694	7,1638336515641e-13
0,67122039918764	7,4942226187609e-13
0,67359220271834	8,1353375975501e-13
0,67596400624903	7,2223646176597e-13
0,67833580977973	4,1337958539036e-13
0,68070761331043	1,0455564525563e-13
0,68307941684113	1,3350301322165e-14
0,68545122037183	2,0192562552251e-13
0,68782302390253	2,9727220930277e-13
0,69019482743322	7,0345195762556e-13
0,69256663096392	1,1406938454037e-12
0,69493843449462	1,2048928000167e-12
0,69731023802532	7,4061005370653e-13
0,69968204155602	-1,2784148862439e-13
0,70205384508672	-7,788137931144e-13
0,70442564861741	-6,5281928338959e-13
0,70679745214811	6,3640258616137e-14
0,70916925567881	1,3394832115838e-12
0,71154105920951	3,1125484569694e-12
0,71391286274021	4,8544308929978e-12
0,71628466627091	5,8191450293373e-12
0,7186564698016	5,6026198077754e-12
0,7210282733323	4,2670291035428e-12
0,723400076863	2,3407896160958e-12
0,7257718803937	1,719968955282e-12
0,7281436839244	1,7828940695394e-12
0,7305154874551	2,9647092157685e-12
0,73288729098579	3,9288135061736e-12
0,73525909451649	4,4575938838843e-12
0,73763089804719	3,8982733714714e-12
0,74000270157789	1,9710765284239e-12
0,74237450510859	-3,2935664568644e-13
0,74474630863929	-1,511047093525e-12
0,74711811216998	-9,2125131473412e-13
0,74948991570068	1,346785687657e-12
0,75186171923138	4,391661073157e-12
0,75423352276208	7,280889140164e-12
0,75660532629278	1,038747323814e-11
0,75897712982348	1,374249945751e-11
0,76134893335417	1,6289141335343e-11
0,76372073688487	1,8244976364084e-11
0,76609254041557	2,0231658123014e-11
0,76846434394627	2,1565344184091e-11
0,77083614747697	2,1500019922332e-11
0,77320795100767	1,9849161562486e-11
0,77557975453836	1,611541111047e-11
0,77795155806906	1,1635314388944e-11
0,78032336159976	7,8697535783831e-12
0,78269516513046	5,6890397641109e-12
0,78506696866116	6,5229902017857e-12
0,78743877219186	1,0806772585604e-11
0,78981057572255	1,7157199163763e-11
0,79218237925325	2,4641789409981e-11
0,79455418278395	3,0602946324023e-11
0,79692598631465	3,3564223407553e-11
0,79929778984535	3,3440133925113e-11
0,80166959337605	2,9107783553278e-11
0,80404139690674	2,2059140203834e-11
0,80641320043744	1,5041152766581e-11
0,80878500396814	9,6740119330863e-12
0,81115680749884	8,4754404719672e-12
0,81352861102954	1,1418238588555e-11
0,81590041456024	1,6070156033773e-11
0,81827221809093	2,1172332541151e-11
0,82064402162163	2,4362455876167e-11
0,82301582515233	2,6370980330412e-11
0,82538762868303	2,7197902180964e-11
0,82775943221373	2,6066135998555e-11
0,83013123574443	2,3255421058144e-11
0,83250303927512	1,9884742515142e-11
0,83487484280582	1,7508253212118e-11
0,83724664633652	1,7493612342916e-11
0,83961844986722	1,8286670728068e-11
0,84199025339792	1,8644112899619e-11
0,84436205692862	1,8628114406645e-11
0,84673386045931	1,6311529687588e-11
0,84910566399001	1,2067361280137e-11
0,85147746752071	8,4444281494577e-12
0,85384927105141	8,4267129345748e-12
0,85622107458211	1,2635883221782e-11
0,85859287811281	1,9331293010221e-11
0,8609646816435	2,6523634792293e-11
0,8633364851742	3,0980279192583e-11
0,8657082887049	3,1457917936248e-11
0,8680800922356	2,808090052287e-11
0,8704518957663	2,3335893477508e-11
0,87282369929699	2,0455558163986e-11
0,87519550282769	2,1429231460771e-11
0,87756730635839	2,6381263508862e-11
0,87993910988909	3,3571017797344e-11
0,88231091341979	4,0014533620689e-11
0,88468271695049	4,2479186146116e-11
0,88705452048118	4,0219001254343e-11
0,88942632401188	3,3482667544243e-11
0,89179812754258	2,6000187344077e-11
0,89416993107328	2,0009579295205e-11
0,89654173460398	1,6505543576668e-11
0,89891353813468	1,5736790265977e-11
0,90128534166537	1,7703366068954e-11
0,90365714519607	1,8426675986215e-11
0,90602894872677	1,8404086514519e-11
0,90840075225747	1,8630285873226e-11
0,91077255578817	1,9851289830228e-11
0,91314435931887	2,306177651037e-11
0,91551616284956	2,7764438257728e-11
0,91788796638026	3,2964648540662e-11
0,92025976991096	3,692180055582e-11
0,92263157344166	3,690064176343e-11
0,92500337697236	3,2901244268019e-11
0,92737518050306	2,5918342420901e-11
0,92974698403375	1,3465356714407e-11
0,93211878756445	1,0129752863003e-12
0,93449059109515	-5,9681243499919e-12
0,93686239462585	-7,9752306146968e-12
0,93923419815655	-5,0083029179955e-12
0,94160600168725	4,4246934387233e-12
0,94397780521794	1,3361194595312e-11
0,94634960874864	2,3293253329453e-11
0,94872141227934	3,1236960423783e-11
0,95109321581004	3,4208406106981e-11
0,95346501934074	3,3202314603233e-11
0,95583682287144	2,8716071672098e-11
0,95820862640213	2,0749729534853e-11
0,96058042993283	1,2287319368051e-11
0,96295223346353	6,8102070977891e-12
0,96532403699423	4,8157909739738e-12
0,96769584052493	5,8068209003839e-12
0,97006764405563	1,028071465273e-11
0,97243944758632	9,7829545969347e-12
0,97481125111702	9,7842553066577e-12
0,97718305464772	5,808725381968e-12
0,97955485817842	2,3324006969715e-12
0,98192666170912	3,3339796013529e-12
0,98429846523982	1,8262785092357e-11
0,98667026877051	4,2145573603821e-11
0,98904207230121	6,055983834745e-11
0,99141387583191	6,405637386876e-11
0,99378567936261	3,1747392442294e-11
0,99615748289331	-2,6420446582575e-11
0,99852928642401	-8,1104622112102e-11
1,0009010899547	-1,1290921490447e-10
1,0032728934854	-1,0442762732221e-10
1,0056446970161	-7,6547655489952e-11
1,0080165005468	-3,3247875603376e-11
1,0103883040775	1,403319917088e-11
1,0127601076082	4,788910574568e-11
1,0151319111389	6,0859981721993e-11
1,0175037146696	4,5734625671144e-11
1,0198755182003	2,4395621501191e-11
1,022247321731	6,7896130281943e-12
1,0246191252617	-7,8293706704297e-12
1,0269909287924	-2,194797333328e-11
1,0293627323231	-5,5210723642856e-11
1,0317345358538	-8,9713746723137e-11
1,0341063393845	-1,1488876955486e-10
1,0364781429152	-1,2215681839446e-10
1,0388499464459	-1,0331190405293e-10
1,0412217499766	-7,8060672127991e-11
1,0435935535073	-4,6061163793681e-11
1,045965357038	-2,4723776422464e-11
1,0483371605687	-2,0719706050015e-11
1,0507089640994	-2,1844941831434e-11
1,0530807676301	-2,5111631563999e-11
1,0554525711608	-3,8943322250637e-11
1,0578243746915	-7,2913638945439e-11
1,0601961782222	-1,1135671534126e-10
1,0625679817529	-1,3960134268558e-10
1,0649397852836	-1,5391756965976e-10
1,0673115888143	-1,5828405695142e-10
1,069683392345	-1,6364208732618e-10
1,0720551958757	-1,6601305762606e-10
1,0744269994064	-1,6092104528537e-10
1,0767988029371	-1,7074595011991e-10
1,0791706064677	-1,7410265787512e-10
1,0815424099984	-1,7198590632264e-10
1,0839142135291	-1,6638510031151e-10
1,0862860170598	-1,4238043763842e-10
1,0886578205905	-1,0146400654039e-10
1,0910296241212	-4,6619889392874e-11
1,0934014276519	4,2479325551646e-12
1,0957732311826	3,1246158540058e-11
1,0981450347133	1,3486828072119e-11
1,100516838244	-4,5051531160012e-11
1,1028886417747	-1,2944914298573e-10
1,1052604453054	-2,2180226576644e-10
1,1076322488361	-2,8928727958315e-10
1,1100040523668	-3,0504854076904e-10
1,1123758558975	-2,6908623482772e-10
1,1147476594282	-1,8537919533514e-10
1,1171194629589	-7,9788773630935e-11
1,1194912664896	2,7791638673551e-11
1,1218630700203	1,0354341808873e-10
1,124234873551	1,3354113837619e-10
1,1266066770817	1,1579528894244e-10
1,1289784806124	5,8262951578634e-11
1,1313502841431	-1,7173567953734e-11
1,1337220876738	-9,6589258320083e-11
1,1360938912045	-1,6605912617004e-10
1,1384656947352	-2,1961547220066e-10
1,1408374982659	-2,5129061001443e-10
1,1432093017966	-2,4914890133242e-10
1,1455811053273	-2,1716926923825e-10
1,147952908858	-1,4739471958496e-10
1,1503247123887	-6,5686689533571e-11
1,1526965159194	1,4029302428841e-11
1,1550683194501	7,5838416777507e-11
1,1574401229808	1,0581512771714e-10
1,1598119265115	1,0793778030253e-10
1,1621837300422	7,2259469722613e-11
1,1645555335729	1,6683752483379e-11
1,1669273371036	-4,8843099683326e-11
1,1692991406343	-9,6470948356207e-11
1,171670944165	-1,2023216494264e-10
1,1740427476957	-1,1216979918554e-10
1,1764145512264	-7,2284176616587e-11
1,1787863547571	-3,2404728172433e-11
1,1811581582878	-1,6403615445137e-11
1,1835299618185	-3,6217091493515e-11
1,1859017653492	-9,980276644044e-11
1,1882735688799	-1,8726779794833e-10
1,1906453724106	-2,7076206713186e-10
1,1930171759413	-3,3437137216349e-10
1,195388979472	-3,5024559093239e-10
1,1977607830027	-2,945132426306e-10
1,2001325865334	-2,3083289385571e-10
1,2025043900641	-1,2737576665894e-10
1,2048761935948	-3,1885850764488e-11
1,2072479971255	1,9828789272428e-11
1,2096198006562	5,9596944614298e-11
1,2119916041869	4,7631918286722e-11
1,2143634077176	3,9634344024537e-11
1,2167352112483	-4,1824755396785e-12
1,219107014779	-7,9840209767643e-11
1,2214788183096	-1,7938189347415e-10
1,2238506218403	-1,9936321660235e-10
1,226222425371	-1,8354949249963e-10
1,2285942289017	-9,6133247982086e-11
1,2309660324324	-8,7302387676924e-12
1,2333378359631	3,0651522308798e-12
1,2357096394938	-1,1246960648367e-10
1,2380814430245	-3,1355901570693e-10
1,2404532465552	-5,2460914473342e-10
1,2428250500859	-6,9787651848938e-10
1,2451968536166	-7,0803420632111e-10
1,2475686571473	-5,1131735654805e-10
1,249940460678	-1,7536301590739e-10
1,2523122642087	2,2025587696276e-10
1,2546840677394	5,1440429299927e-10
1,2570558712701	5,7777634982493e-10
1,2594276748008	4,7005155557074e-10
1,2617994783315	2,489201244893e-10
1,2641712818622	-7,9649992723867e-11
1,2665430853929	-2,6699387793423e-10
1,2689148889236	-1,489926775739e-10
1,2712866924543	1,3112262242547e-10
1,273658495985	4,2315842566325e-10
1,2760302995157	7,21146825266e-10
1,2784021030464	8,7389961596801e-10
1,2807739065771	8,8738484109127e-10
1,2831457101078	9,1055289698207e-10
1,2855175136385	9,3867927021842e-10
1,2878893171692	8,9082367249262e-10
1,2902611206999	8,315148263533e-10
1,2926329242306	6,12921677292e-10
1,2950047277613	3,9506038339708e-10
1,297376531292	2,6919129128231e-10
1,2997483348227	2,517266422147e-10
1,3021201383534	3,4067746089507e-10
1,3044919418841	5,8677174598194e-10
1,3068637454148	8,0500316957906e-10
1,3092355489455	9,715003143077e-10
1,3116073524762	1,1061568223756e-09
1,3139791560069	1,1691867778913e-09
1,3163509595376	1,0432208310843e-09
1,3187227630683	8,1976817825277e-10
1,321094566599	5,6447687966059e-10
1,3234663701297	3,1315524641056e-10
1,3258381736604	1,4935526712688e-10
1,3282099771911	9,2970745366888e-11
1,3305817807218	1,8378873824308e-10
1,3329535842525	2,9051489785061e-10
1,3353253877832	3,6142770983645e-10
1,3376971913139	3,4480569101162e-10
1,3400689948446	2,0882058065954e-10
1,3424407983753	2,5088709809749e-11
1,344812601906	-1,3477360625625e-10
1,3471844054367	-2,0710734857784e-10
1,3495562089674	-1,1233892894429e-10
1,3519280124981	1,3361795358851e-10
1,3542998160288	4,193623183088e-10
1,3566716195595	6,6532234308989e-10
1,3590434230902	7,3622531144158e-10
1,3614152266208	6,4798681416282e-10
1,3637870301515	5,1996705633653e-10
1,3661588336822	4,7948352243938e-10
1,3685306372129	6,6181097627409e-10
1,3709024407436	1,0351213558312e-09
1,3732742442743	1,4800565605185e-09
1,375646047805	1,7738139109809e-09
1,3780178513357	1,6856334840042e-09
1,3803896548664	1,1518582257713e-09
1,3827614583971	2,6001937918334e-10
1,3851332619278	-6,9546258818021e-10
1,3875050654585	-1,3803808329943e-09
1,3898768689892	-1,5082721890013e-09
1,3922486725199	-1,0473063961479e-09
1,3946204760506	-1,088842006738e-10
1,3969922795813	9,5687532772554e-10
1,399364083112	1,8316822434348e-09
1,4017358866427	2,2449902786922e-09
1,4041076901734	2,1013132830441e-09
1,4064794937041	1,4961397821599e-09
1,4088512972348	7,1593297127281e-10
1,4112231007655	3,124149018912e-11
1,4135949042962	-3,0330057844592e-10
1,4159667078269	-2,3994837719402e-10
1,4183385113576	7,8068260786057e-11
1,4207103148883	5,2343401919157e-10
1,423082118419	8,7334620178098e-10
1,4254539219497	1,0323185163142e-09
1,4278257254804	1,0321811162945e-09
1,4301975290111	8,7293501715839e-10
1,4325693325418	7,137267957365e-10
1,4349411360725	6,3413027717838e-10
1,4373129396032	5,0683003890236e-10
1,4396847431339	2,5225427148045e-10
1,4420565466646	-6,5937881077536e-11
1,4444283501953	-5,273183681701e-10
1,446800153726	-8,4542438769596e-10
1,4491719572567	-8,2928045788862e-10
1,4515437607874	-4,311421708742e-10
1,4539155643181	4,1264945919908e-10
1,4562873678488	1,7020951238354e-09
1,4586591713795	2,8961006001671e-09
1,4610309749102	3,8036918003595e-09
1,4634027784409	4,0588344530246e-09
1,4657745819716	3,8843328157906e-09
1,4681463855023	3,4711619597552e-09
1,470518189033	2,9148096256527e-09
1,4728899925637	2,3744217426925e-09
1,4752617960944	1,5476220441898e-09
1,4776335996251	3,2300884284463e-10
1,4800054031558	-1,0288702860333e-09
1,4823772066865	-2,0783223090106e-09
1,4847490102172	-2,5468425235789e-09
1,4871208137479	-2,1002253127269e-09
1,4894926172786	-9,6127454246911e-10
1,4918644208093	4,0848751303431e-10
1,49423622434	1,3724784140407e-09
1,4966080278707	1,636278587451e-09
1,4989798314014	1,3272041303019e-09
1,5013516349321	6,3622926664477e-10
1,5037234384627	-1,5814187216961e-10
1,5060952419934	-5,9040920103468e-10
1,5084670455241	-8,5950536314274e-10
1,5108388490548	-3,4078477120439e-10
1,5132106525855	-5,0361934742405e-12
1,5155824561162	6,4506934020862e-10
1,5179542596469	7,0439053867133e-10
1,5203260631776	7,4783971391182e-10
1,5226978667083	7,4557586855573e-10
1,525069670239	6,7496928441671e-10
1,5274414737697	2,319014587827e-10
1,5298132773004	-2,6857050410312e-10
1,5321850808311	-5,0840558075049e-10
1,5345568843618	-4,8064257478567e-10
1,5369286878925	-1,9423503268696e-10
1,5393004914232	-2,2807659212453e-10
1,5416722949539	-5,4437194502318e-10
1,5440440984846	-8,2881058420981e-10
1,5464159020153	-1,423557331856e-09
1,548787705546	-2,3843150313005e-09
1,5511595090767	-3,1461189044853e-09
1,5535313126074	-3,7248855275592e-09
1,5559031161381	-4,0410442822395e-09
1,5582749196688	-3,3943569364221e-09
1,5606467231995	-1,6575093689881e-09
1,5630185267302	5,7270018759335e-10
1,5653903302609	3,4554149036439e-09
1,5677621337916	6,0198445291635e-09
1,5701339373223	7,5657461891016e-09
1,572505740853	7,9976300266865e-09
1,5748775443837	6,647082102161e-09
1,5772493479144	3,6573306437125e-09
1,5796211514451	-2,8730126448457e-10
1,5819929549758	-4,1364557913908e-09
1,5843647585065	-6,919347805064e-09
1,5867365620372	-7,8084231393055e-09
1,5891083655679	-6,6922825864941e-09
1,5914801690986	-3,4754415370987e-09
1,5938519726293	6,9624916970061e-10
1,59622377616	4,8360841352021e-09
1,5985955796907	7,575408534678e-09
1,6009673832214	8,4367826211568e-09
1,6033391867521	7,5793489299971e-09
1,6057109902828	5,448712048228e-09
1,6080827938135	2,8405968486157e-09
1,6104545973442	5,1889912874338e-10
1,6128264008749	-8,1614355562382e-10
1,6151982044056	-1,196363187011e-09
1,6175700079363	-1,0355411742403e-09
1,619941811467	-6,8380072372649e-10
1,6223136149977	-3,9577769197791e-10
1,6246854185284	-1,7147499880524e-10
1,6270572220591	1,16420941301e-10
1,6294290255898	7,2254021299054e-10
1,6318008291205	1,646880080225e-09
1,6341726326512	2,6984631886309e-09
1,6365444361819	3,495337559591e-09
1,6389162397126	3,6873803799849e-09
1,6412880432433	3,115443555099e-09
1,643659846774	2,0659865738212e-09
1,6460316503046	9,846145127522e-10
1,6484034538353	3,4876158574613e-10
1,650775257366	4,4488738452746e-10
1,6531470608967	1,0501858082701e-09
1,6555188644274	1,8145344595367e-09
1,6578906679581	2,0376908518274e-09
1,6602624714888	1,4650202175524e-09
1,6626342750195	-3,0795702251306e-11
1,6650060785502	-2,0996383840008e-09
1,6673778820809	-4,2004145797974e-09
1,6697496856116	-5,8238601209908e-09
1,6721214891423	-6,3970525775972e-09
1,674493292673	-5,6017023022654e-09
1,6768650962037	-3,3423232634246e-09
1,6792368997344	3,0963127461286e-11
1,6816087032651	3,4996243367417e-09
1,6839805067958	6,6817101773893e-09
1,6863523103265	8,8451503630683e-09
1,6887241138572	9,607994910202e-09
1,6910959173879	8,6519521083107e-09
1,6934677209186	6,3589709230682e-09
1,6958395244493	4,0022155619441e-09
1,69821132798	2,2500972705073e-09
1,7005831315107	1,3572490791306e-09
1,7029549350414	1,2281839349248e-09
1,7053267385721	1,7674148912526e-09
1,7076985421028	1,733606996943e-09
1,7100703456335	6,4932411118941e-10
1,7124421491642	-1,5172621714251e-09
1,7148139526949	-4,447859811962e-09
1,7171857562256	-7,0921069590516e-09
1,7195575597563	-8,3678125730054e-09
1,721929363287	-7,70205121713e-09
1,7243011668177	-5,413112519532e-09
1,7266729703484	-1,7237985789221e-09
1,7290447738791	2,0608987818171e-09
1,7314165774098	5,4794594227096e-09
1,7337883809405	7,6724995589175e-09
1,7361601844712	8,9742270595024e-09
1,7385319880019	9,5756190418312e-09
1,7409037915326	8,8400959385516e-09
1,7432755950633	6,497113120619e-09
1,745647398594	2,7694773127639e-09
1,7480192021247	-1,4356786900808e-09
1,7503910056554	-4,9645466756798e-09
1,7527628091861	-7,0213957144798e-09
1,7551346127168	-6,7547937505181e-09
1,7575064162475	-5,0798241397137e-09
1,7598782197782	-1,7935724311589e-09
1,7622500233089	1,3851932470453e-09
1,7646218268396	4,3757851403911e-09
1,7669936303703	7,5694815365957e-09
1,769365433901	9,5962670536417e-09
1,7717372374317	9,7430993033969e-09
1,7741090409624	7,9483137660301e-09
1,7764808444931	4,7848390240203e-09
1,7788526480238	1,3746558089967e-09
1,7812244515545	-1,1443405778901e-09
1,7835962550852	-3,360983990197e-09
1,7859680586158	-5,0524656928391e-09
1,7883398621465	-5,3753092229061e-09
1,7907116656772	-4,0907912827039e-09
1,7930834692079	-2,2651819331929e-09
1,7954552727386	3,786572260172e-11
1,7978270762693	1,9748852547329e-09
1,8001988798	3,1798470373208e-09
1,8025706833307	3,3344652192939e-09
1,8049424868614	1,5793590970627e-09
1,8073142903921	-7,804722742112e-10
1,8096860939228	-3,0766121092277e-09
1,8120578974535	-3,2401628415925e-09
1,8144297009842	-2,3214797995725e-09
1,8168015045149	-7,661652851325e-10
1,8191733080456	1,4894442191106e-09
1,8215451115763	3,93608835976e-09
1,823916915107	5,5552410390975e-09
1,8262887186377	6,3150787247071e-09
1,8286605221684	5,8018284060509e-09
1,8310323256991	4,33378639583e-09
1,8334041292298	2,4838816689229e-09
1,8357759327605	7,6138485631278e-10
1,8381477362912	-5,7906615147461e-10
1,8405195398219	-1,9830738695039e-09
1,8428913433526	-2,8777092700959e-09
1,8452631468833	-2,6263851564488e-09
1,847634950414	-1,6747041526981e-09
1,8500067539447	-2,7729431923383e-10
1,8523785574754	9,9292499190166e-10
1,8547503610061	1,6266923993794e-09
1,8571221645368	6,0548064814963e-10
1,8594939680675	-9,2485804789339e-10
1,8618657715982	-2,3913956539827e-09
1,8642375751289	-2,9029131933542e-09
1,8666093786596	-1,377217105766e-09
1,8689811821903	1,7400887214426e-09
1,871352985721	5,2395016897182e-09
1,8737247892517	7,2749368184308e-09
1,8760965927824	6,8915240305839e-09
1,8784683963131	3,9619498793915e-09
1,8808401998438	-1,769601929184e-10
1,8832120033745	-3,9337480024684e-09
1,8855838069052	-5,6532972532875e-09
1,8879556104359	-4,4443904248037e-09
1,8903274139666	-3,7068348304053e-10
1,8926992174973	5,3583194329059e-09
1,895071021028	1,0896531660158e-08
1,8974428245587	1,4588840905293e-08
1,8998146280894	1,5416716736007e-08
1,9021864316201	1,3380159976945e-08
1,9045582351508	9,1794117615222e-09
1,9069300386815	4,787877549723e-09
1,9093018422122	1,797013442998e-09
1,9116736457429	9,7071857117163e-10
1,9140454492736	2,436309714084e-09
1,9164172528043	4,729647729235e-09
1,918789056335	6,8322005606193e-09
1,9211608598657	7,4071446402695e-09
1,9235326633964	6,4544787565894e-09
1,9259044669271	4,1651763255882e-09
1,9282762704577	1,4941094159419e-09
1,9306480739884	-6,6750832519811e-10
1,9330198775191	-1,3648051712216e-09
1,9353916810498	-1,0433905393327e-09
1,9377634845805	2,3307505339805e-10
1,9401352881112	2,2099560111587e-09
1,9425070916419	4,3143256210415e-09
1,9448788951726	6,2915480105461e-09
1,9472506987033	8,5872275756111e-09
1,949622502234	1,0819411671052e-08
1,9519943057647	1,2415172603625e-08
1,9543661092954	1,0891835862262e-08
1,9567379128261	7,0769543322313e-09
1,9591097163568	1,7980808523967e-09
1,9614815198875	-4,435522968989e-09
1,9638533234182	-1,0159722329162e-08
1,9662251269489	-1,3719408099757e-08
1,9685969304796	-1,463714863236e-08
1,9709687340103	-1,3103923862884e-08
1,973340537541	-8,8014482013329e-09
1,9757123410717	-2,6527715405204e-09
1,9780841446024	5,3102713196748e-09
1,9804559481331	1,4642067017125e-08
1,9828277516638	2,2637135386843e-08
1,9851995551945	2,7337980142291e-08
1,9875713587252	2,7678320150366e-08
1,9899431622559	2,3148883574993e-08
1,9923149657866	1,4768195682796e-08
1,9946867693173	4,485782928947e-09
1,997058572848	-5,2475197707497e-09
1,9994303763787	-1,2279275704666e-08
2,0018021799094	-1,6058450595703e-08
2,0041739834401	-1,6912481425658e-08
2,0065457869708	-1,4022210997022e-08
2,0089175905015	-9,5038467861985e-09
2,0112893940322	-4,1658670540549e-09
2,0136611975629	1,3073959336473e-09
2,0160330010936	6,3827978802398e-09
2,0184048046243	1,0129330073555e-08
2,020776608155	1,2777745610914e-08
2,0231484116857	1,3420906721357e-08
2,0255202152164	1,2790875165189e-08
2,0278920187471	1,0855814692762e-08
2,0302638222778	7,6793770660533e-09
2,0326356258085	2,7204610220902e-09
2,0350074293392	-3,225212455828e-09
2,0373792328699	-8,4388787633186e-09
2,0397510364006	-1,1933843198147e-08
2,0421228399313	-1,218231590269e-08
2,044494643462	-8,8023545535831e-09
2,0468664469927	-1,8576237515453e-09
2,0492382505234	6,6784653397767e-09
2,0516100540541	1,5278109246155e-08
2,0539818575848	2,0885706800426e-08
2,0563536611155	2,114589681666e-08
2,0587254646462	1,656793816127e-08
2,0610972681769	8,5523052056023e-09
2,0634690717076	1,5458672091972e-10
2,0658408752383	-5,5696281345621e-09
2,068212678769	-7,1562052730021e-09
2,0705844822997	-4,7324665653284e-09
2,0729562858304	-7,810884315642e-10
2,0753280893611	1,70598700932e-09
2,0776998928918	1,3282733332285e-09
2,0800716964224	-6,4106994756077e-10
2,0824434999531	-2,0376677348482e-09
2,0848153034838	-6,3348623612416e-10
2,0871871070145	4,7173185245206e-09
2,0895589105452	1,2550603370161e-08
2,0919307140759	2,0256377055751e-08
2,0943025176066	2,4078800394539e-08
2,0966743211373	2,1789831989314e-08
2,099046124668	1,3580443360356e-08
2,1014179281987	1,8696441656148e-09
2,1037897317294	-1,0223315212183e-08
2,1061615352601	-1,92608931417e-08
2,1085333387908	-2,2824079264376e-08
2,1109051423215	-2,0276293330544e-08
2,1132769458522	-1,2763385092958e-08
2,1156487493829	-2,9590014783039e-09
2,1180205529136	6,5905271823697e-09
2,1203923564443	1,3593503732368e-08
2,122764159975	1,677676292962e-08
2,1251359635057	1,6140304309221e-08
2,1275077670364	1,3211925113622e-08
2,1298795705671	1,0537954446554e-08
2,1322513740978	9,7735065485594e-09
2,1346231776285	1,2446379382431e-08
2,1369949811592	1,6774143488931e-08
2,1393667846899	2,0337787392773e-08
2,1417385882206	1,9699768298619e-08
2,1441103917513	1,3077657428544e-08
2,146482195282	1,2353552033325e-09
2,1488539988127	-1,2580566941716e-08
2,1512258023434	-2,3595739959571e-08
2,1535976058741	-2,7545060261348e-08
2,1559694094048	-2,2900727562111e-08
2,1583412129355	-1,0999561388244e-08
2,1607130164662	3,8933406832677e-09
2,1630848199969	1,6558007801676e-08
2,1654566235276	2,3174950086247e-08
2,1678284270583	2,2343690234605e-08
2,170200230589	1,5719345953483e-08
2,1725720341197	6,5484909360326e-09
2,1749438376504	-1,158401865967e-09
2,1773156411811	-4,9186564971817e-09
2,1796874447118	-3,777394327561e-09
2,1820592482425	9,2856700605569e-10
2,1844310517732	6,4619288564797e-09
2,1868028553039	1,0403683558635e-08
2,1891746588346	1,0971406100573e-08
2,1915464623653	7,4648618331652e-09
2,193918265896	9,0258855012411e-10
2,1962900694267	-6,8693186479774e-09
2,1986618729574	-1,2349650884824e-08
2,2010336764881	-1,2546465280984e-08
2,2034054800188	-5,7409837344105e-09
2,2057772835495	6,2843696066245e-09
2,2081490870802	2,0633151822627e-08
2,2105208906109	3,3103926958813e-08
2,2128926941416	3,8858677193587e-08
2,2152644976723	3,4682669653656e-08
2,217636301203	2,1658101202391e-08
2,2200081047337	3,7636176495204e-09
2,2223799082644	-1,3398850650086e-08
2,2247517117951	-2,4100056919346e-08
2,2271235153258	-2,6302930790617e-08
2,2294953188565	-2,0373499514103e-08
2,2318671223872	-9,6060684782876e-09
2,2342389259179	2,3867658612313e-09
2,2366107294486	1,2525543997886e-08
2,2389825329793	1,8828910281559e-08
2,24135433651	1,960992802987e-08
2,2437261400406	1,530824342653e-08
2,2460979435713	7,7918345105177e-09
2,248469747102	-8,8596157333761e-11
2,2508415506327	-6,2939880695652e-09
2,2532133541634	-1,0112157113181e-08
2,2555851576941	-1,177385709365e-08
2,2579569612248	-1,3260443976974e-08
2,2603287647555	-1,5638187294073e-08
2,2627005682862	-1,9098056124582e-08
2,2650723718169	-2,2653341790791e-08
2,2674441753476	-2,3073382836628e-08
2,2698159788783	-1,8591656636186e-08
2,272187782409	-7,6803591289544e-09
2,2745595859397	8,1963769861418e-09
2,2769313894704	2,4232361683441e-08
2,2793031930011	3,3679828775554e-08
2,2816749965318	3,1700758591074e-08
2,2840468000625	1,8517960118981e-08
2,2864186035932	-1,4124856801767e-09
2,2887904071239	-2,1820238542999e-08
2,2911622106546	-3,6594104126054e-08
2,2935340141853	-4,1309831230328e-08
2,295905817716	-3,5139858301381e-08
2,2982776212467	-2,3176838817932e-08
2,3006494247774	-1,2168539956269e-08
2,3030212283081	-6,7620078342051e-09
2,3053930318388	-8,8669852671246e-09
2,3077648353695	-1,7337620770042e-08
2,3101366389002	-2,7272228143556e-08
2,3125084424309	-3,3705462967317e-08
2,3148802459616	-3,3900018678594e-08
2,3172520494923	-2,7855892183724e-08
2,319623853023	-1,7291852489601e-08
2,3219956565537	-5,4544664892598e-09
2,3243674600844	4,8553061635223e-09
2,3267392636151	1,1600403998285e-08
2,3291110671458	1,2998398366665e-08
2,3314828706765	8,0944172585343e-09
2,3338546742072	-2,7295887236687e-09
2,3362264777379	-1,6736314764187e-08
2,3385982812686	-2,9787975650789e-08
2,3409700847993	-3,7237520612485e-08
2,34334188833	-3,7429835480617e-08
2,3457136918607	-3,0874185851567e-08
2,3480854953914	-2,0689824416979e-08
2,3504572989221	-1,15238015288e-08
2,3528291024528	-7,1319526736158e-09
2,3552009059835	-8,2781772064392e-09
2,3575727095142	-1,3180045926289e-08
2,3599445130449	-1,7381484501049e-08
2,3623163165756	-1,7253975616088e-08
2,3646881201063	-1,1778989276686e-08
2,367059923637	-2,8026157942789e-09
2,3694317271677	5,2827255371795e-09
2,3718035306984	8,530222786159e-09
2,3741753342291	4,9028105877447e-09
2,3765471377598	-4,1353741595364e-09
2,3789189412905	-1,5083131474597e-08
2,3812907448212	-2,392999576674e-08
2,3836625483519	-2,8320615575329e-08
2,3860343518826	-2,8382310638341e-08
2,3884061554133	-2,6152147893435e-08
2,390777958944	-2,3858169156217e-08
2,3931497624747	-2,2709884625063e-08
2,3955215660054	-2,2579981529404e-08
2,3978933695361	-2,2449931731e-08
2,4002651730668	-2,1173890595938e-08
2,4026369765975	-1,8497228916636e-08
2,4050087801282	-1,5056533097016e-08
2,4073805836588	-1,167936469228e-08
2,4097523871895	-8,3657286775035e-09
2,4121241907202	-5,4339211985307e-09
2,4144959942509	-2,9476053881776e-09
2,4168677977816	-1,2250770627976e-09
2,4192396013123	-8,3926481769022e-10
2,421611404843	-2,2994390189678e-09
2,4239832083737	-5,2873132031471e-09
2,4263550119044	-9,0389934614878e-09
2,4287268154351	-1,2726927837341e-08
2,4310986189658	-1,5332589880569e-08
2,4334704224965	-1,6283060910575e-08
2,4358422260272	-1,5578346489534e-08
2,4382140295579	-1,3409427049001e-08
2,4405858330886	-9,9991121587078e-09
2,4429576366193	-6,652400979688e-09
2,44532944015	-4,2605138429828e-09
2,4477012436807	-4,287594772875e-09
2,4500730472114	-7,4975470916905e-09
2,4524448507421	-1,3476597061066e-08
2,4548166542728	-2,0665123185522e-08
2,4571884578035	-2,7344358830017e-08
2,4595602613342	-3,2081999690908e-08
2,4619320648649	-3,3000134119256e-08
2,4643038683956	-2,9016578130222e-08
2,4666756719263	-2,0385969960545e-08
2,469047475457	-9,2726940020967e-09
2,4714192789877	8,6978683026058e-10
2,4737910825184	6,8585570254815e-09
2,4761628860491	6,5292324284835e-09
2,4785346895798	1,5235537771706e-10
2,4809064931105	-9,5029467532071e-09
2,4832782966412	-1,8215343341451e-08
2,4856501001719	-2,2471701056267e-08
2,4880219037026	-2,0041997234347e-08
2,4903937072333	-1,2878752928146e-08
2,492765510764	-4,8124067549315e-09
2,4951373142947	-6,9391827558981e-10
2,4975091178254	-3,2556218906995e-09
2,4998809213561	-1,1845025042721e-08
2,5022527248868	-2,1707658254144e-08
2,5046245284175	-2,7504191873166e-08
2,5069963319482	-2,5844829078833e-08
2,5093681354789	-1,7708318383463e-08
2,5117399390096	-7,7417134840632e-09
2,5141117425403	-1,4355395885684e-09
2,516483546071	-1,8772240531245e-09
2,5188553496017	-9,0031120411485e-09
2,5212271531324	-1,9168773267796e-08
2,5235989566631	-2,7026919625537e-08
2,5259707601938	-2,896494924931e-08
2,5283425637245	-2,3900674570553e-08
2,5307143672552	-1,3011774857769e-08
2,5330861707859	3,5969103455262e-10
2,5354579743166	1,1566670621733e-08
2,5378297778473	1,7999174623407e-08
2,540201581378	1,8320378279962e-08
2,5425733849087	1,2466621574197e-08
2,5449451884394	1,4564345293482e-09
2,5473169919701	-1,2163855287004e-08
2,5496887955008	-2,591157838446e-08
2,5520605990315	-3,6794799285764e-08
2,5544324025622	-4,3253892428429e-08
2,5568042060929	-4,4524959868695e-08
2,5591760096236	-4,0798976885391e-08
2,5615478131543	-3,3126304620277e-08
2,563919616685	-2,303474084728e-08
2,5662914202157	-1,2943298429032e-08
2,5686632237464	-4,5389206297566e-09
2,571035027277	1,6372973202922e-09
2,5734068308077	4,7577985953133e-09
2,5757786343384	5,5864822442499e-09
2,5781504378691	4,6962730524064e-09
2,5805222413998	4,0605768538175e-09
2,5828940449305	3,5520783583367e-09
2,5852658484612	3,1707783715263e-09
2,5876376519919	1,1979054687214e-09
2,5900094555226	-3,4487297067599e-09
2,5923812590533	-1,0132544508729e-08
2,594753062584	-1,7134766210612e-08
2,5971248661147	-2,1208824349094e-08
2,5994966696454	-2,0063021050716e-08
2,6018684731761	-1,4333936230234e-08
2,6042402767068	-6,2496052384824e-09
2,6066120802375	5,6145538923375e-10
2,6089838837682	2,8526779998535e-09
2,6113556872989	-2,0349295393272e-10
2,6137274908296	-6,8882842562496e-09
2,6160992943603	-1,4082441539384e-08
2,618471097891	-1,8666709868803e-08
2,6208429014217	-1,9113289405717e-08
2,6232147049524	-1,6058759567776e-08
2,6255865084831	-1,1412864208814e-08
2,6279583120138	-6,7988854024785e-09
2,6303301155445	-3,7127889809894e-09
2,6327019190752	-2,2182309229474e-09
2,6350737226059	-1,6149684876074e-09
2,6374455261366	-1,2345879443548e-09
2,6398173296673	-7,9062469245106e-10
2,642189133198	-8,5599994410421e-10
2,6445609367287	-2,0672928809887e-09
2,6469327402594	-4,9019370822667e-09
2,6493045437901	-8,6596890421799e-09
2,6516763473208	-1,2035552400026e-08
2,6540481508515	-1,3469898186755e-08
2,6564199543822	-1,1816876044411e-08
2,6587917579129	-7,5539201768726e-09
2,6611635614436	-2,3361415724533e-09
2,6635353649743	1,6720834457155e-09
2,665907168505	2,4655244282822e-09
2,6682789720357	-7,1971368724747e-10
2,6706507755664	-7,3425326482432e-09
2,6730225790971	-1,5811473987471e-08
2,6753943826278	-2,3993984830353e-08
2,6777661861585	-2,9980316417313e-08
2,6801379896892	-3,2274498449486e-08
2,6825097932199	-3,0144458961759e-08
2,6848815967506	-2,3558365884382e-08
2,6872534002813	-1,3662063706146e-08
2,689625203812	-2,2857225011374e-09
2,6919970073427	8,1834780854442e-09
2,6943688108734	1,5246955990046e-08
2,6967406144041	1,7170027069677e-08
2,6991124179348	1,3300196329669e-08
2,7014842214655	4,2899620536713e-09
2,7038560249962	-7,6167216972586e-09
2,7062278285269	-1,9030052281519e-08
2,7085996320576	-2,5875900475265e-08
2,7109714355883	-2,5321471922203e-08
2,713343239119	-1,7016642918323e-08
2,7157150426497	-3,9374323756688e-09
2,7180868461804	8,807589631647e-09
2,7204586497111	1,5314124637129e-08
2,7228304532418	1,2287861025909e-08
2,7252022567725	7,0963246251985e-11
2,7275740603032	-1,6673602051424e-08
2,7299458638339	-3,1556138542736e-08
2,7323176673645	-3,9086122101303e-08
2,7346894708952	-3,6918142736726e-08
2,7370612744259	-2,6993774139341e-08
2,7394330779566	-1,4350966043556e-08
2,7418048814873	-4,1589635470954e-09
2,744176685018	5,3957064205903e-10
2,7465484885487	2,7479150947968e-10
2,7489202920794	-1,6749011420887e-09
2,7512920956101	-1,4064611654545e-09
2,7536638991408	3,3936913037053e-09
2,7560357026715	1,1802513470482e-08
2,7584075062022	1,9797602910179e-08
2,7607793097329	2,2310175275649e-08
2,7631511132636	1,5958388999664e-08
2,7655229167943	8,0590361935132e-10
2,767894720325	-1,9192512906781e-08
2,7702665238557	-3,7074242104936e-08
2,7726383273864	-4,6457547175514e-08
2,7750101309171	-4,4334577201381e-08
2,7773819344478	-3,1922795431946e-08
2,7797537379785	-1,4497876190067e-08
2,7821255415092	1,5107016444011e-09
2,7844973450399	1,05805891298e-08
2,7868691485706	1,0404177137825e-08
2,7892409521013	2,4933489616496e-09
2,791612755632	-8,8708804994871e-09
2,7939845591627	-1,8532196450956e-08
2,7963563626934	-2,2416473798964e-08
2,7987281662241	-1,9139146590491e-08
2,8010999697548	-1,0880508394137e-08
2,8034717732855	-1,2849912429957e-09
2,8058435768162	5,7483399345051e-09
2,8082153803469	8,6598592922787e-09
2,8105871838776	8,3407817434993e-09
2,8129589874083	6,6053657395647e-09
2,815330790939	4,5357999030706e-09
2,8177025944697	2,0684249902334e-09
2,8200743980004	-2,1176677690875e-09
2,8224462015311	-9,2319849049249e-09
2,8248180050618	-1,9115380952162e-08
2,8271898085925	-2,9428416302023e-08
2,8295616121232	-3,5842332037138e-08
2,8319334156539	-3,4601293528362e-08
2,8343052191846	-2,4798171841607e-08
2,8366770227153	-8,7405783771779e-09
2,839048826246	8,2878535651119e-09
2,8414206297767	1,9857642743039e-08
2,8437924333074	2,1910576710501e-08
2,8461642368381	1,4255679898698e-08
2,8485360403688	4,4189710435771e-10
2,8509078438995	-1,4056165752825e-08
2,8532796474302	-2,4464143114457e-08
2,8556514509609	-2,8665399935408e-08
2,8580232544916	-2,7360177227932e-08
2,8603950580223	-2,3094804333962e-08
2,862766861553	-1,836786716052e-08
2,8651386650837	-1,4420702064118e-08
2,8675104686144	-1,0855446550505e-08
2,8698822721451	-6,7013143174237e-09
2,8722540756758	-1,6241012875111e-09
2,8746258792065	3,8828399301415e-09
2,8769976827372	8,3394545379555e-09
2,8793694862679	9,9951405020996e-09
2,8817412897986	8,006425610414e-09
2,8841130933293	2,7870875561327e-09
2,88648489686	-4,4692828658852e-09
2,8888567003907	-1,2775984296892e-08
2,8912285039214	-2,1432777675898e-08
2,8936003074521	-2,9516620399722e-08
2,8959721109827	-3,5276913056269e-08
2,8983439145134	-3,5976353641987e-08
2,9007157180441	-2,9164101872711e-08
2,9030875215748	-1,4314978375959e-08
2,9054593251055	5,8973707011821e-09
2,9078311286362	2,5457242531612e-08
2,9102029321669	3,7282658925522e-08
2,9125747356976	3,6169559043399e-08
2,9149465392283	2,135404286743e-08
2,917318342759	-2,644157254722e-09
2,9196901462897	-2,7788192166745e-08
2,9220619498204	-4,5802494251854e-08
2,9244337533511	-5,1530748601173e-08
2,9268055568818	-4,4734237828999e-08
2,9291773604125	-2,9550747328679e-08
2,9315491639432	-1,2123296632533e-08
2,9339209674739	2,2326514149561e-09
2,9362927710046	1,0803663711638e-08
2,9386645745353	1,3892115568608e-08
2,941036378066	1,360668467113e-08
2,9434081815967	1,2024219921031e-08
2,9457799851274	9,8767903847143e-09
2,9481517886581	6,4323257985461e-09
2,9505235921888	4,0970329377916e-10
2,9528953957195	-8,5332416028145e-09
2,9552671992502	-1,9075602370624e-08
2,9576390027809	-2,8281144783175e-08
2,9600108063116	-3,284759929521e-08
2,9623826098423	-3,0618543927366e-08
2,964754413373	-2,160989344951e-08
2,9671262169037	-8,2645326499259e-09
2,9694980204344	5,2638384972305e-09
2,9718698239651	1,4463442206971e-08
2,9742416274958	1,5912647789094e-08
2,9766134310265	8,608837374353e-09
2,9789852345572	-5,5143709748066e-09
2,9813570380879	-2,1953158269467e-08
2,9837288416186	-3,4864893660986e-08
2,9861006451493	-3,9260364680463e-08
2,98847244868	-3,2931427722476e-08
2,9908442522107	-1,7770921190773e-08
2,9932160557414	6,9681418869304e-10
2,9955878592721	1,550816551583e-08
2,9979596628028	2,1214884206261e-08
3,0003314663335	1,6248267401313e-08
3,0027032698642	3,4230771413118e-09
3,0050750733949	-1,1638746603524e-08
3,0074468769256	-2,3286418831348e-08
3,0098186804563	-2,8158487813568e-08
3,012190483987	-2,6366355498146e-08
3,0145622875177	-2,0785582550125e-08
3,0169340910484	-1,5238645518818e-08
3,0193058945791	-1,221020405906e-08
3,0216776981098	-1,1686333399256e-08
3,0240495016405	-1,1590185207072e-08
3,0264213051712	-9,2262330448568e-09
3,0287931087019	-3,007001031658e-09
3,0311649122326	6,2200605005088e-09
3,0335367157633	1,527601965826e-08
3,035908519294	1,9927605717438e-08
3,0382803228247	1,7007823089693e-08
3,0406521263554	6,1387014460259e-09
3,0430239298861	-9,6838446303021e-09
3,0453957334168	-2,5176183887968e-08
3,0477675369475	-3,4939304704635e-08
3,0501393404782	-3,5762446319224e-08
3,0525111440089	-2,8258318962365e-08
3,0548829475396	-1,6417496327462e-08
3,0572547510703	-5,6986694308466e-09
3,0596265546009	-5,579126435742e-10
3,0619983581316	-2,2922620025539e-09
3,0643701616623	-8,6418513887607e-09
3,066741965193	-1,5118777439252e-08
3,0691137687237	-1,7497726743741e-08
3,0714855722544	-1,4028098470562e-08
3,0738573757851	-5,9273554099356e-09
3,0762291793158	3,3430879595246e-09
3,0786009828465	9,9159959624634e-09
3,0809727863772	1,1141595835436e-08
3,0833445899079	6,6299809113634e-09
3,0857163934386	-1,9796501809116e-09
3,0880881969693	-1,1695361620386e-08
3,0904600005	-1,9437687095444e-08
3,0928318040307	-2,2962673842871e-08
3,0952036075614	-2,1593952366191e-08
3,0975754110921	-1,615112134323e-08
3,0999472146228	-8,7508160221111e-09
3,1023190181535	-1,9711942166978e-09
3,1046908216842	2,0711080272806e-09
3,1070626252149	2,6121918306128e-09
3,1094344287456	3,2842581322438e-10
3,1118062322763	-3,1091613262793e-09
3,114178035807	-6,1250279283719e-09
3,1165498393377	-7,9154881836222e-09
3,1189216428684	-8,7749607199624e-09
3,1212934463991	-9,952737689339e-09
3,1236652499298	-1,2538965838159e-08
3,1260370534605	-1,6621174972063e-08
3,1284088569912	-2,1005773155993e-08
3,1307806605219	-2,3592038792607e-08
3,1331524640526	-2,2358823092002e-08
3,1355242675833	-1,6526312633119e-08
3,137896071114	-7,1050814636468e-09
3,1402678746447	3,2232681833127e-09
3,1426396781754	1,1037107450234e-08
3,1450114817061	1,3543432603565e-08
3,1473832852368	9,7555419881239e-09
3,1497550887675	9,6251521703795e-10
3,1521268922982	-9,6049926338095e-09
3,1544986958289	-1,8079744588739e-08
3,1568704993596	-2,1636907209378e-08
3,1592423028903	-1,9679684684038e-08
3,161614106421	-1,3902976789778e-08
3,1639859099517	-7,3782919077426e-09
3,1663577134824	-2,9225053106707e-09
3,1687295170131	-1,7172718692345e-09
3,1711013205438	-3,1021371524478e-09
3,1734731240745	-5,3543506641922e-09
3,1758449276052	-7,0614959451787e-09
3,1782167311359	-7,992812040392e-09
3,1805885346666	-9,0633854512179e-09
3,1829603381973	-1,123206721888e-08
3,185332141728	-1,4443155341142e-08
3,1877039452587	-1,7156915829461e-08
3,1900757487894	-1,7133374808956e-08
3,1924475523201	-1,3087432154996e-08
3,1948193558508	-6,0455769509857e-09
3,1971911593815	7,8540799317933e-10
3,1995629629122	3,5542008575278e-09
3,2019347664429	4,0722013814384e-11
3,2043065699736	-8,7921972170227e-09
3,2066783735043	-1,8973874945306e-08
3,209050177035	-2,5375845743986e-08
3,2114219805657	-2,4210445548708e-08
3,2137937840964	-1,5040023962232e-08
3,2161655876271	-1,2265303551317e-09
3,2185373911578	1,133369311704e-08
3,2209091946885	1,6788069205404e-08
3,2232809982191	1,2106864644018e-08
3,2256528017498	-1,1841125553394e-09
3,2280246052805	-1,7325782615738e-08
3,2303964088112	-2,8746795538353e-08
3,2327682123419	-2,9634359470927e-08
3,2351400158726	-1,8991824866471e-08
3,2375118194033	-1,442369795006e-09
3,239883622934	1,4712575691948e-08
3,2422554264647	2,140134769589e-08
3,2446272299954	1,4741789122335e-08
3,2469990335261	-3,0131955832503e-09
3,2493708370568	-2,4555840767104e-08
3,2517426405875	-4,1014775379057e-08
3,2541144441182	-4,6020197698714e-08
3,2564862476489	-3,8328285459529e-08
3,2588580511796	-2,1879383611704e-08
3,2612298547103	-3,5779235707858e-09
3,263601658241	9,9760291977276e-09
3,2659734617717	1,5016319761126e-08
3,2683452653024	1,1481046747579e-08
3,2707170688331	2,1843058320776e-09
3,2730888723638	-8,7671537459544e-09
3,2754606758945	-1,7484600332527e-08
3,2778324794252	-2,1192187515511e-08
3,2802042829559	-1,8563040117846e-08
3,2825760864866	-9,9485227089303e-09
3,2849478900173	2,4670913797085e-09
3,287319693548	1,4804629394277e-08
3,2896914970787	2,2380736830212e-08
3,2920633006094	2,1314252462274e-08
3,2944351041401	1,037080430752e-08
3,2968069076708	-8,0126911800082e-09
3,2991787112015	-2,8287027883141e-08
3,3015505147322	-4,3824788865342e-08
3,3039223182629	-4,9600953899435e-08
3,3062941217936	-4,4054902109611e-08
3,3086659253243	-2,9493249050612e-08
3,311037728855	-1,0831602353408e-08
3,3134095323857	6,4295704020323e-09
3,3157813359164	1,8023179296802e-08
3,3181531394471	2,1806727065733e-08
3,3205249429778	1,7843871372601e-08
3,3228967465085	7,7857468166227e-09
3,3252685500392	-5,6243752992631e-09
3,3276403535699	-1,9004651746515e-08
3,3300121571006	-2,8853879921407e-08
3,3323839606313	-3,2293514283464e-08
3,334755764162	-2,8203567960517e-08
3,3371275676927	-1,7857205666706e-08
3,3394993712234	-4,8053630264601e-09
3,3418711747541	6,3984073944669e-09
3,3442429782848	1,2121608145645e-08
3,3466147818155	1,110698944231e-08
3,3489865853462	4,7192247006042e-09
3,3513583888769	-4,0338347642262e-09
3,3537301924076	-1,1979224239449e-08
3,3561019959383	-1,7057998150221e-08
3,358473799469	-1,8709168764184e-08
3,3608456029997	-1,7501682007541e-08
3,3632174065304	-1,4456059316383e-08
3,3655892100611	-1,0648522822011e-08
3,3679610135918	-7,0956146857332e-09
3,3703328171225	-4,7502185341042e-09
3,3727046206532	-4,3961257820873e-09
3,3750764241839	-6,2740438823434e-09
3,3774482277146	-9,7215296736171e-09
3,3798200312453	-1,3119277668995e-08
3,382191834776	-1,4497862185343e-08
3,3845636383067	-1,2568204508536e-08
3,3869354418373	-7,6565529261059e-09
3,389307245368	-1,8835216577912e-09
3,3916790488987	1,6992734497175e-09
3,3940508524294	7,5438187632977e-10
3,3964226559601	-4,8992249215434e-09
3,3987944594908	-1,2934043692938e-08
3,4011662630215	-1,9522624057601e-08
3,4035380665522	-2,1277154880614e-08
3,4059098700829	-1,7083616975807e-08
3,4082816736136	-8,6846539825291e-09
3,4106534771443	1,0819795380419e-10
3,413025280675	5,3600646376353e-09
3,4153970842057	4,8966195227467e-09
3,4177688877364	-6,8932047937243e-10
3,4201406912671	-8,3978617691351e-09
3,4225124947978	-1,4445318802419e-08
3,4248842983285	-1,6221704527425e-08
3,4272561018592	-1,3601691943565e-08
3,4296279053899	-8,9366567911711e-09
3,4319997089206	-5,6064529311718e-09
3,4343715124513	-5,9883171411905e-09
3,436743315982	-9,9947193269131e-09
3,4391151195127	-1,5117127609016e-08
3,4414869230434	-1,7975688265539e-08
3,4438587265741	-1,6360267569101e-08
3,4462305301048	-1,0601092893926e-08
3,4486023336355	-3,357884762715e-09
3,4509741371662	1,9218658831995e-09
3,4533459406969	2,9225910879219e-09
3,4557177442276	-3,855488142728e-10
3,4580895477583	-5,8819390259845e-09
3,460461351289	-1,0518941926081e-08
3,4628331548197	-1,1904400859664e-08
3,4652049583504	-9,4315736561892e-09
3,4675767618811	-4,496963040244e-09
3,4699485654118	2,0091865708132e-10
3,4723203689425	1,8660826404911e-09
3,4746921724732	-1,2033338758111e-09
3,4770639760039	-8,9058753294614e-09
3,4794357795346	-1,9272115130531e-08
3,4818075830653	-2,8941097915702e-08
3,484179386596	-3,4112229036389e-08
3,4865511901267	-3,1838332131752e-08
3,4889229936574	-2,1362471576929e-08
3,4912947971881	-4,9624183751431e-09
3,4936666007188	1,2332827917154e-08
3,4960384042495	2,4363339749435e-08
3,4984102077802	2,6304022837356e-08
3,5007820113109	1,6905584429627e-08
3,5031538148416	-6,6050316711222e-10
3,5055256183723	-1,990010673066e-08
3,507897421903	-3,3677537281807e-08
3,5102692254337	-3,7254235607184e-08
3,5126410289644	-3,0257701428736e-08
3,5150128324951	-1,6643199260876e-08
3,5173846360258	-2,6845458345783e-09
3,5197564395565	5,9909707645901e-09
3,5221282430872	6,8971980904213e-09
3,5245000466179	1,4761441663956e-09
3,5268718501486	-6,0864135862565e-09
3,5292436536793	-1,1334150132268e-08
3,53161545721	-1,1916559769165e-08
3,5339872607407	-8,5862271730343e-09
3,5363590642714	-4,395639575815e-09
3,5387308678021	-2,7064369983206e-09
3,5411026713328	-5,2355891317223e-09
3,5434744748635	-1,1129044347409e-08
3,5458462783942	-1,7461511432678e-08
3,5482180819248	-2,0800974424302e-08
3,5505898854555	-1,9010449329656e-08
3,5529616889862	-1,2471854837827e-08
3,5553334925169	-4,0843141100312e-09
3,5577052960476	2,0720778877339e-09
3,5600770995783	2,8706081351252e-09
3,562448903109	-2,0446867177654e-09
3,5648207066397	-9,8228624235703e-09
3,5671925101704	-1,5787028372778e-08
3,5695643137011	-1,6041599764853e-08
3,5719361172318	-9,8393390574297e-09
3,5743079207625	-2,4628561365387e-10
3,5766797242932	7,4345317625941e-09
3,5790515278239	8,675919386059e-09
3,5814233313546	2,38076807776e-09
3,5837951348853	-8,4390919080373e-09
3,586166938416	-1,8398572455741e-08
3,5885387419467	-2,2851618030573e-08
3,5909105454774	-2,0520588565496e-08
3,5932823490081	-1,406371258874e-08
3,5956541525388	-8,3095659845338e-09
3,5980259560695	-7,2183864624217e-09
